SEG_RESULTS
96,381.388,0.34353,0.46121,0.32868,0.86242,0,0.86201,0.90639,0.90759,0.83616,0.86002,0.90196,0.89816,0.79487,0.38844,1.27356,0.40514,0.81821,0,0.000119,0.000119,0.000119
97,385.29,0.32184,0.44137,0.28697,0.85212,0,0.84416,0.9134,0.90141,0.83035,0.83889,0.90588,0.89657,0.78952,0.38698,1.28119,0.41047,0.81665,0,9.92e-05,9.92e-05,9.92e-05
98,389.292,0.32692,0.44663,0.27744,0.85496,0,0.86277,0.91221,0.90683,0.8382,0.85906,0.90829,0.903,0.79658,0.39331,1.26019,0.41294,0.82068,0,7.94e-05,7.94e-05,7.94e-05
99,393.186,0.3075,0.43724,0.26226,0.85788,0,0.86644,0.90588,0.90695,0.84122,0.86269,0.90196,0.89729,0.79695,0.38833,1.25589,0.41184,0.81932,0,5.96e-05,5.96e-05,5.96e-05
100,397.091,0.30799,0.42227,0.26534,0.84817,0,0.86448,0.90588,0.90508,0.83865,0.86074,0.90196,0.89899,0.79753,0.38431,1.256,0.40495,0.81718,0,3.98e-05,3.98e-05,3.98e-05
CLS_RESULTS
39,28.8107,0.08928,0.95827,1,0.13545,0.00089141,0.00089141,0.00089141
40,29.5291,0.09427,0.95149,1,0.13296,0.000877263,0.000877263,0.000877263
41,30.2928,0.09264,0.95879,1,0.1466,0.000863116,0.000863116,0.000863116
42,31.009,0.08436,0.95253,1,0.14603,0.000848969,0.000848969,0.000848969
43,31.7613,0.08764,0.9567,1,0.12373,0.000834822,0.000834822,0.000834822
MODEL_FILES
-rw-r--r-- 1 root root 2.9M May 11 22:25 /root/pv_yolo_train/project/backend/models/dust_yolov8_cls.pt
-rw-r--r-- 1 root root 6.5M May 11 22:25 /root/pv_yolo_train/project/backend/models/panel_yolov8_seg.pt
LOG
/root/pv_yolo_train/logs/train_100e_noamp_font_20260511_221818.log
