0 0 0.23966736400937866 0.4059163408913214 0.23944900351699883 0.3977333854573886 0.12514654161781946 0 0.12514654161781946 0 0.23966736400937866
0 0 0.8742672919109027 0.13180062548866303 0.8742672919109027 0.4668240813135262 0.7495973036342322 0.4081618451915559 0.27198769050410315 0 0.27476426436107854 0 0.8742672919109027
0 0.46421657544956996 0.7564343493552169 0.1891587177482408 0.8742672919109027 0.4850742767787334 0.8742672919109027 0.47041985926505087 0.7626025791324736 0.46421657544956996 0.7564343493552169
0 0.49099921813917125 0.8378270808909731 0.4960985144644253 0.8742672919109027 0.6501102423768569 0.8742672919109027 0.6895480844409695 0.8508182883939039 0.6837685691946833 0.7430679953106683 0.49099921813917125 0.8378270808909731
0 0.6188318999218139 0.6399032825322392 0.5008584831899922 0.6829525205158264 0.5045981235340109 0.7305867526377492 0.4937185301016419 0.7341529894490034 0.4814792806880375 0.7349167643610786 0.4923588741204066 0.8332420867526378 0.6860351837372948 0.7351148886283705 0.681728694292416 0.6437239155920281 0.6188318999218139 0.6399032825322392
0 0.48930570758405006 0.5196113716295427 0.49202580140734953 0.5603681125439626 0.5532228303362001 0.5611324736225088 0.5542423768569195 0.5713212192262602 0.49270602032838157 0.5703024618991794 0.49440578577013294 0.6215029308323564 0.6256317435496481 0.6271670574443141 0.6795777951524629 0.607974794841735 0.6735691946833464 0.47738628370457215 0.48930570758405006 0.5196113716295427
0 0.4760469116497264 0.3377356389214537 0.4780867865519937 0.3632080890973037 0.5379233776387803 0.3604062133645955 0.5392830336200157 0.36881242672919107 0.4777466770914777 0.3739067995310668 0.48930570758405006 0.5109507620164127 0.6759562157935888 0.4707039859320047 0.6715363565285379 0.32372567409144193 0.4760469116497264 0.3377356389214537
0 0.7201532447224395 0.32398007033997656 0.676975762314308 0.3267819460726846 0.6794073494917905 0.4144613130128957 0.7218537920250195 0.40778604923798356 0.7201532447224395 0.32398007033997656
0 0.6793557466770914 0.5050920281359906 0.723893666927287 0.493883939038687 0.7218537920250195 0.4141541617819461 0.6779960906958562 0.421031652989449 0.6793557466770914 0.5050920281359906
0 0.6830953870211102 0.5860955451348183 0.7245731039874903 0.5733593200468933 0.7225332290852229 0.4974501758499414 0.6790156372165754 0.5081488862837046 0.6830953870211102 0.5860955451348183
0 0.7243479280688038 0.577320633059789 0.6830007818608288 0.5908956623681125 0.6831555903049257 0.6121283704572098 0.687027365129007 0.6120123094958969 0.6884206411258796 0.6093434935521688 0.6899695074276779 0.605166471277843 0.6908983580922595 0.6022661195779601 0.69182799061767 0.6002936694021103 0.6933760750586395 0.5999454865181711 0.6944605160281471 0.6031940211019929 0.6944605160281471 0.605746776084408 0.6944605160281471 0.608647713950762 0.6950797498045348 0.6098077373974209 0.7046810007818609 0.6146805392731536 0.7060742767787334 0.6193218053927316 0.706539483971853 0.6217579132473623 0.7051454261141517 0.6252391559202813 0.7018936669272869 0.629531652989449 0.6995707584050039 0.6319683470105509 0.6961641907740422 0.633824736225088 0.6935316653635654 0.633940797186401 0.692137607505864 0.635797186400938 0.6929116497263488 0.6396260257913248 0.6912087568412822 0.6432227432590856 0.689659890539484 0.6455433763188746 0.6876465989053948 0.6468194607268464 0.6881110242376858 0.6487919109026963 0.6867177482408131 0.6508804220398593 0.6854784988272088 0.6527368112543962 0.6851688819390148 0.6639912075029308 0.6855066458170446 0.6635738569753811 0.7251219702892885 0.6486758499413834 0.7243479280688038 0.577320633059789
0 0.7248123534010946 0.6537555685814771 0.6856333072713057 0.6690709261430245 0.6878279906176701 0.7379056271981242 0.7260508209538702 0.7202373974208675 0.7248123534010946 0.6537555685814771
0 0.6899695074276779 0.8093446658851113 0.7274448788115716 0.789968347010551 0.7257412040656763 0.7252268464243846 0.6881110242376858 0.7427461899179367 0.6899695074276779 0.8093446658851113
0 0.6930664581704457 0.8742672919109027 0.6960086004691165 0.8742672919109027 0.7293033620015638 0.854447245017585 0.7274448788115716 0.7933018757327082 0.6907435496481626 0.8126781946072685 0.6930664581704457 0.8742672919109027