0 0.998712 0.49044133333333334 0.999 0.38817999999999997 0.968053 0.3952946666666667 0.958 0.4951106666666667 0.998712 0.49044133333333334
0 0.941392 0.649612 0.998712 0.6389413333333334 0.998712 0.4886626666666667 0.956 0.4991106666666667 0.941392 0.649612
0 0.915399 0.8968173333333334 0.999 0.8994840000000001 0.999 0.6407200000000001 0.943 0.648444 0.915399 0.8968173333333334
0 0.752105 0.8843679999999999 0.908734 0.8950386666666666 0.934727 0.649612 0.808092 0.6656186666666667 0.752105 0.8843679999999999
0 0.8474149999999999 0.521564 0.8107580000000001 0.661172 0.9360599999999999 0.6442773333333334 0.950723 0.5002226666666666 0.8474149999999999 0.521564
0 0.873409 0.42374933333333337 0.8487480000000001 0.5180066666666666 0.950723 0.49844400000000005 0.962054 0.397072 0.873409 0.42374933333333337
0 0.758104 0.5402373333333333 0.844749 0.521564 0.871 0.42444400000000004 0.794095 0.448648 0.758104 0.5402373333333333
0 0.70345 0.6736213333333333 0.806092 0.6620613333333333 0.844 0.5257773333333333 0.752772 0.5455733333333334 0.70345 0.6736213333333333
0 0.622803 0.8772533333333334 0.744774 0.8852573333333333 0.802759 0.6682866666666666 0.702784 0.6789573333333333 0.622803 0.8772533333333334
0 0.520828 0.8683613333333333 0.6201369999999999 0.8772533333333334 0.695 0.680444 0.6108060000000001 0.6878493333333333 0.520828 0.8683613333333333
0 0.673458 0.562468 0.613472 0.6851813333333333 0.698785 0.6789573333333333 0.749439 0.5464626666666667 0.673458 0.562468
0 0.719447 0.471768 0.67879 0.5580226666666667 0.753 0.5457773333333333 0.790096 0.4539826666666667 0.719447 0.471768
0 0.6074740000000001 0.5749173333333333 0.6761240000000001 0.5615786666666667 0.717 0.4751106666666667 0.6547949999999999 0.49044133333333334 0.6074740000000001 0.5749173333333333
0 0.536158 0.695852 0.612139 0.6851813333333333 0.672125 0.5642466666666667 0.603475 0.5802533333333333 0.536158 0.695852
0 0.436182 0.8683613333333333 0.518829 0.8683613333333333 0.608 0.688444 0.534158 0.6967413333333334 0.436182 0.8683613333333333
0 0.36953199999999997 0.861248 0.434849 0.8665826666666667 0.530159 0.7011879999999999 0.470174 0.7074119999999999 0.36953199999999997 0.861248
0 0.5340689999999999 0.6963693333333334 0.605038 0.578856 0.544877 0.5913533333333333 0.47192700000000004 0.7033386666666667 0.5340130000000001 0.6970026666666665 0.5340689999999999 0.6963693333333334
0 0.546858 0.5894306666666667 0.605398 0.5776546666666666 0.656192 0.4911426666666667 0.601615 0.507484 0.546858 0.5894306666666667