0 0.2513015625 0.4704859375 0 0.5966078125000001 0.0064140625000000005 0.942225 0.056748437500000005 0.9984375 0.9984375 0.9984375 0.9966234375 0.9604609375000001
0 0.2337890625 0.460271875 0 0.2865953125 0.00120625 0.57055625
0 0.2760421875 0.4561625 0.5210453125 0.33782968750000003 0.9984375 0.5896609374999999 0.9940203125 0.942225 0.26416249999999997 0.460271875
0 0.24940937500000002 0.45158750000000003 0.507159375 0.33261875 0.129646875 0.141575 0 0.17196875 0.015092187500000001 0.295278125
0 0.52885625 0.33435625 0.692878125 0.2579390625 0.9984375 0.4055640625 0.9966234375 0.5809765625
0 0.6920109375 0.2562015625 0.7961515625 0.20757187500000002 0.9984375 0.2926734375 0.9984375 0.39340625
0 0.8004906249999999 0.2032296875 0.88206875 0.1684953125 0.9984375 0.2188609375 0.9984375 0.2892
0 0.5210453125 0.3386984375 0.6642390625 0.251859375 0.3292515625 0.10423437499999999 0.1530796875 0.14244375
0 0.1218375 0.1372328125 0 0.066025 0 0.1763109375
0 0.147871875 0.14070625 0.3344578125 0.1007609375 0.1044796875 0.0008968749999999999 0 0.0008968749999999999 0.002075 0.06689375
0 0.345740625 0.1007609375 0.49414218749999994 0.08165625 0.788340625 0.2058359375 0.6737859375 0.251859375
0 0.33203125 0.098090625 0.1070828125 0.000028125 0.298009375 0.005239062500000001 0.4698421875 0.0773140625
0 0.855165625 0.165021875 0.57571875 0.06342031249999999 0.49327343749999997 0.0790515625 0.7935484374999999 0.1962828125