0 0.49680844409695074 0.7623593200468933 0.9905629397967163 0.8395674091441969 0.9992181391712275 0.7134941383352872 0.9032767787333854 0.3225685814771395 0.5648944487881157 0.32287983587338803 0.49680844409695074 0.7623593200468933
0 0.9944714620797499 0.6040345838218054 0.9992181391712275 0.31670457209847597 0.9245665957779516 0.315610296014068 0.9944714620797499 0.6040345838218054
0 0.09555043002345583 0.7076301289566237 0.1502673964034402 0.7125164126611958 0.20889288506645814 0.6968792497069167 0.2518842845973417 0.6968792497069167 0.293573885848319 0.7037209847596717 0.3000875684128225 0.7232667057444314 0.31050977326035967 0.7389038686987104 0.48378029710711495 0.7682233294255568 0.5515246286161063 0.3274554513481829 0.5453479280688037 0.32434525205158266 0.2701235340109461 0.3225685814771395 0.09555043002345583 0.7076301289566237
0 0 0.36068405627198125 0.004355746677091477 0.6861289566236811 0.07991712275215011 0.6988341148886283 0.2599687255668491 0.3258106682297772 0.03692494136043784 0.32550058616647126 0 0.36068405627198125
0 0.7069601250977327 0.24610257913247363 0.7099374511336982 0.3155076201641266 0.8397842064112588 0.31430480656506443 0.8308530101641908 0.2394021101992966 0.7069601250977327 0.24610257913247363
0 0.5803111806098514 0.317225674091442 0.7028303362001563 0.3160228604923798 0.7012775605942142 0.24557444314185228 0.5878686473807663 0.25108440797186404 0.5803111806098514 0.317225674091442
0 0.46301876465989056 0.31559437280187574 0.5514159499609069 0.31439214536928484 0.5456903831118061 0.3624947245017585 0.5509577795152463 0.36146424384525205 0.5562243940578576 0.3176559202813599 0.5729421422986708 0.3176559202813599 0.5823940578577013 0.24995369284876903 0.4769882720875684 0.254263774912075 0.46301876465989056 0.31559437280187574
0 0.35355277560594217 0.31662543962485346 0.4568358092259578 0.3154226260257913 0.472443315089914 0.25510550996483 0.3743924941360438 0.25769988276670575 0.35355277560594217 0.31662543962485346
0 0.2543033620015637 0.3171406799531067 0.3497990617670054 0.31731242672919113 0.37224237685691947 0.25924560375146544 0.2801813917122752 0.26199472450175854 0.2543033620015637 0.3171406799531067
0 0.1594941360437842 0.3197174677608441 0.2506387802971071 0.3174841735052755 0.2759069585613761 0.26180304806565063 0.1929288506645817 0.2643997655334115 0.1594941360437842 0.3197174677608441
0 0.07567709147771697 0.32109202813599064 0.15789053948397186 0.3185152403282532 0.18789053948397186 0.2669765533411489 0.11071540265832681 0.26903810082063306 0.07567709147771697 0.32109202813599064
0 0.0014581704456606724 0.3095820633059789 0 0.32212309495896835 0.07130570758405004 0.3207485345838218 0.1047412040656763 0.26903810082063306 0.033290852228303365 0.2709279015240328 0.0014581704456606724 0.3095820633059789