0 0.191275 0.6981171875000001 0.23874843750000002 0.6967359375 0.25475625 0.6478531249999999 0.2114234375 0.6481296875 0.191275 0.6981171875000001
0 0.2412328125 0.6970125 0.28704843750000003 0.6970125 0.300296875 0.647025 0.25834531250000003 0.6475765625000001 0.2412328125 0.6970125
0 0.2909125 0.6989453125 0.3383859375 0.697565625 0.34914999999999996 0.646471875 0.3055421875 0.6473015625 0.2909125 0.6989453125
0 0.387790625 0.6981171875000001 0.394415625 0.6473015625 0.3502546875 0.6473015625 0.3411453125 0.6981171875000001 0.387790625 0.6981171875000001
0 0.3281734375 0.7574953125 0.3795109375 0.75694375 0.3864109375 0.6989453125 0.3389375 0.6989453125 0.3281734375 0.7574953125
0 0.2765609375 0.7566671875 0.32707031249999996 0.7574953125 0.33666874999999996 0.6999796875000001 0.2884296875 0.6989453125 0.2765609375 0.7566671875
0 0.2208078125 0.7552859375 0.2721453125 0.75721875 0.287390625 0.699565625 0.23847187500000003 0.6989453125 0.2208078125 0.7552859375
0 0.1658828125 0.7588765625 0.21666875000000002 0.7566671875 0.23874843750000002 0.6986703125 0.191275 0.6989453125 0.1658828125 0.7588765625
0 0.13993906250000002 0.8243296875 0.1940359375 0.8257109375 0.2169921875 0.7596109375 0.1658828125 0.759153125 0.13993906250000002 0.8243296875
0 0.1965203125 0.8248828125 0.2517203125 0.8251578125 0.270765625 0.759153125 0.21864843750000001 0.75836875 0.1965203125 0.8248828125
0 0.25475625 0.8246062500000001 0.3107859375 0.8259874999999999 0.32651718750000003 0.7588765625 0.2724203125 0.7583234375 0.25475625 0.8246062500000001
0 0.312165625 0.8265390625 0.369021875 0.8279203125000001 0.3803390625 0.7583234375 0.325903125 0.7587828125 0.312165625 0.8265390625
0 0.370678125 0.826815625 0.4280875 0.8270921875000001 0.4338828125 0.7588765625 0.379234375 0.759153125 0.370678125 0.826815625
0 0.43057187499999994 0.829025 0.487153125 0.826815625 0.4888078125 0.7586 0.434159375 0.7580484375000001 0.43057187499999994 0.829025
0 0.4888078125 0.757771875 0.487428125 0.828196875 0.5462171875 0.8270921875000001 0.5442859375 0.7586 0.4888078125 0.757771875
0 0.547625 0.8279203125000001 0.6064140625000001 0.8265390625 0.5971421875 0.7571265625 0.5451406249999999 0.7580484375000001 0.547625 0.8279203125000001
0 0.606215625 0.8251328125 0.6633484375 0.8265125 0.6505703125 0.7575406250000001 0.60014375 0.758296875 0.606215625 0.8251328125
0 0.7232421875 0.8248562500000001 0.705853125 0.756640625 0.6536890625 0.758296875 0.6663078125 0.8262828125 0.7232421875 0.8248562500000001
0 0.7588468749999999 0.756640625 0.705853125 0.7571921875000001 0.7238687500000001 0.826696875 0.78230625 0.8262375000000001 0.7588468749999999 0.756640625
0 0.7817546875 0.8259609375 0.8386109375 0.825684375 0.8146000000000001 0.7574687499999999 0.7603093750000001 0.75836875 0.7817546875 0.8259609375
0 0.78893125 0.695053125 0.836403125 0.6947765625 0.8162546875000001 0.6469984375 0.7723703125 0.646721875 0.78893125 0.695053125
0 0.8137718749999999 0.7558125 0.86455625 0.75443125 0.8389906249999999 0.6966671875 0.7919671875 0.6980906250000001 0.8137718749999999 0.7558125
0 0.8402671875 0.8259609375 0.8949171874999999 0.8267890625 0.8664875000000001 0.7580218750000001 0.81653125 0.7571921875000001 0.8402671875 0.8259609375
0 0.870628125 0.907953125 0.932453125 0.9087828124999999 0.8976765625 0.8284156250000001 0.8402671875 0.8281390625 0.870628125 0.907953125
0 0.8085265625 0.907953125 0.8711796875 0.9074015624999999 0.837746875 0.8291812500000001 0.7836875 0.8297953124999999 0.8085265625 0.907953125
0 0.7434968750000001 0.907775 0.806978125 0.907775 0.7818343750000001 0.8283531249999999 0.723071875 0.8290656249999999 0.7434968750000001 0.907775
0 0.6813953125000001 0.9088796875 0.745428125 0.9072234375000001 0.7225203125 0.8287890625 0.666215625 0.8290656249999999 0.6813953125000001 0.9088796875
0 0.6173625 0.907775 0.6816718749999999 0.9066703125 0.6648359375 0.8296171875 0.60853125 0.8287890625 0.6173625 0.907775
0 0.5519499999999999 0.907775 0.616534375 0.906946875 0.6058390625000001 0.8287671874999999 0.5464296875 0.8279609375 0.5519499999999999 0.907775
0 0.48764062499999994 0.9094328125000001 0.5500171875000001 0.9075 0.5470359375 0.8283531249999999 0.4879171875 0.8279609375 0.48764062499999994 0.9094328125000001
0 0.422503125 0.9088796875 0.48515625 0.90915625 0.48488125000000004 0.8296171875 0.4283 0.8285125000000001 0.422503125 0.9088796875
0 0.35819531250000003 0.905565625 0.42140000000000005 0.9072234375000001 0.42611718749999994 0.830009375 0.368959375 0.8290656249999999 0.35819531250000003 0.905565625
0 0.2931296875 0.9074937500000001 0.3557828125 0.9094265625 0.3668984375 0.8287671874999999 0.311621875 0.8279546874999999 0.2931296875 0.9074937500000001
0 0.23020000000000002 0.9069421875 0.2923015625 0.9088749999999999 0.3105171875 0.82823125 0.25228125 0.828784375 0.23020000000000002 0.9069421875
0 0.1680984375 0.9063890625000001 0.2296484375 0.9080468749999999 0.25053437500000003 0.8279390624999999 0.19432031249999998 0.8265750000000001 0.1680984375 0.9063890625000001
0 0.10489375000000001 0.9066656249999999 0.1669953125 0.9061125000000001 0.1921453125 0.8283531249999999 0.1374625 0.827403125 0.10489375000000001 0.9066656249999999