0 0.7131100260416666 0.905304443359375 0.8866790364583333 0.93379833984375 0.835693359375 0.069214111328125 0.7177734375 0.107828857421875 0.7131100260416666 0.905304443359375
0 0.35837890625 0.864846435546875 0.46360481770833334 0.872987548828125 0.5419921875 0.168278076171875 0.459265625 0.19483447265625 0.35837890625 0.864846435546875
0 0.245005859375 0.855394287109375 0.3333440755208333 0.865325927734375 0.444197265625 0.20303564453125 0.38464322916666666 0.224140625 0.245005859375 0.855394287109375
0 0.11314225260416666 0.836495849609375 0.17997493489583336 0.848165771484375 0.35400455729166663 0.238317626953125 0.35492838541666666 0.23579150390625 0.30158203125 0.251711181640625 0.11314225260416666 0.836495849609375
0 0.030097656249999997 0.8231357421875 0.08535026041666667 0.831577880859375 0.25507910156249997 0.265239501953125 0.20743587239583336 0.283755615234375 0.030097656249999997 0.8231357421875
0 0 0.75176025390625 0.1707109375 0.295118408203125 0.1303466796875 0.3065400390625 0 0.6215732421875 0 0.75176025390625
0 0 0.577267578125 0.10076985677083333 0.315464111328125 0.06877018229166666 0.327146484375 0 0.489034912109375 0 0.577267578125
0 0.00027864583333333333 0.4096142578125 0.055597005208333335 0.241003662109375 0 0.263616455078125 0.00027864583333333333 0.4096142578125
0 0.14188444010416668 0.29431201171875 0.1789404296875 0.286614990234375 0.18456477864583332 0.292077392578125 0.20507779947916668 0.285125244140625 0.20673209635416667 0.27767626953125 0.21599609374999998 0.275441650390625 0.24246451822916668 0.17413720703125 0.1700071614583333 0.204677490234375 0.14188444010416668 0.29431201171875
0 0.07141243489583333 0.317900146484375 0.07571354166666668 0.32063134765625 0.0849775390625 0.31665869140625 0.10681380208333334 0.306230224609375 0.11310026041666667 0.30846484375 0.1170703125 0.31094775390625 0.11806282552083334 0.31293408203125 0.12170247395833333 0.313182373046875 0.12434928385416666 0.311196044921875 0.12964290364583334 0.301264404296875 0.13923763020833332 0.29629833984375 0.16480598958333334 0.207124267578125 0.10152018229166666 0.23223828125 0.07141243489583333 0.317900146484375
0 0.22095898437499997 0.271965576171875 0.2533828125 0.2585576171875 0.25999967447916666 0.25806103515625 0.26496256510416666 0.26004736328125 0.26959440104166665 0.2625302734375 0.2722415364583333 0.2635234375 0.29705533854166666 0.25532958984375 0.3030107421875 0.23869384765625 0.3096279296875 0.23372802734375 0.3286188151041667 0.139365234375 0.24411881510416666 0.17190234375 0.22095898437499997 0.271965576171875