0 0 0.8743798828124999 0.094724853515625 0.8761357421875 0.165877197265625 0.44263183593750005 0 0.4494332682291667 0 0.8743798828124999
0 0.10569287109375 0.8749651692708333 0.316279296875 0.8778916015624999 0.351815673828125 0.43362955729166663 0.173694580078125 0.4429947916666667 0.10569287109375 0.8749651692708333
0 0.324224853515625 0.8860862630208333 0.553676513671875 0.8925247395833332 0.547095703125 0.42777636718749995 0.359400634765625 0.43824348958333337 0.324224853515625 0.8860862630208333
0 0.563824462890625 0.8878421223958334 0.81345703125 0.888427734375 0.75686181640625 0.41021647135416667 0.55724365234375 0.42133756510416664 0.563824462890625 0.8878421223958334
0 0.82557568359375 0.888427734375 0.999755859375 0.888427734375 0.999755859375 0.4681637369791667 0.984392822265625 0.3926569010416667 0.76816943359375 0.4084029947916667 0.82557568359375 0.888427734375
0 0.926485595703125 0.3553040364583333 0.999755859375 0.3506214192708333 0.999752197265625 0.143416015625 0.886123291015625 0.15336653645833334 0.926485595703125 0.3553040364583333
0 0.794409912109375 0.3634983723958333 0.919445556640625 0.35588932291666664 0.879960693359375 0.154537109375 0.764576904296875 0.1650732421875 0.794409912109375 0.3634983723958333
0 0.6658212890625 0.37139680989583335 0.78910205078125 0.3637874348958334 0.7602705078125 0.16616959635416667 0.65265966796875 0.17823925781250002 0.6658212890625 0.37139680989583335
0 0.542101806640625 0.3836884765625 0.658363037109375 0.3719820963541667 0.64739501953125 0.17882454427083336 0.542101806640625 0.18877506510416667 0.542101806640625 0.3836884765625
0 0.42400439453125 0.38525390625 0.536251953125 0.3796927083333333 0.536953857421875 0.18861393229166667 0.4356162109375 0.19716471354166668 0.42400439453125 0.38525390625
0 0.31060498046875 0.39319856770833334 0.41838623046875 0.38624674479166665 0.431081787109375 0.19873958333333333 0.33353076171875 0.20610221354166666 0.31060498046875 0.39319856770833334
0 0.2006357421875 0.40112532552083335 0.30484423828125 0.39357779947916666 0.32777001953125 0.20709440104166665 0.233089111328125 0.21821712239583335 0.2006357421875 0.40112532552083335
0 0.094093505859375 0.4099720052083333 0.1954736328125 0.4030205078125 0.22782568359375 0.21720377604166666 0.13577685546875 0.22646126302083333 0.094093505859375 0.4099720052083333