0 0.49139013671875 0.7343180338541666 0.750111572265625 0.7693463541666666 0.76050439453125 0.3571015625 0.569608154296875 0.37631835937499997 0.49139013671875 0.7343180338541666
0 0.2881904296875 0.7090791015625001 0.4788369140625 0.7339690755208333 0.5590419921875 0.3764436848958333 0.4093251953125 0.39130826822916664 0.2881904296875 0.7090791015625001
0 0.132890625 0.6893037109375001 0.280603271484375 0.7073743489583334 0.40221875 0.3907584635416667 0.277792236328125 0.40187792968749997 0.132890625 0.6893037109375001
0 0.011756103515625 0.6719150390625 0.12752392578125 0.6882809244791667 0.269935302734375 0.40405078125 0.16739111328125 0.41278841145833334 0.011756103515625 0.6719150390625
0 0.000854736328125 0.5281816406250001 0.000049072265625 0.6698554687499999 0.007298583984375 0.671390625 0.16142431640625 0.4137643229166667 0.07237060546875 0.42226627604166667 0.000854736328125 0.5281816406250001
0 0 0.42612858072916665 0.0331484375 0.37990364583333336 0.000111572265625 0.3843701171875 0 0.42612858072916665
0 0.000226806640625 0.4267425130208333 0 0.4738743489583333 0.005289794921875 0.473720703125 0.074447509765625 0.3743912760416667 0.03522021484375 0.3794430338541666 0.000226806640625 0.4267425130208333
0 0.00678564453125 0.47326009114583334 0.03716455078125 0.47249251302083334 0.073066650390625 0.41829882812499997 0.086184814453125 0.41737760416666664 0.11828955078125 0.3687106119791667 0.075792724609375 0.37414876302083333 0.00678564453125 0.47326009114583334
0 0.120245849609375 0.36840364583333335 0.087450439453125 0.4163030598958333 0.1357802734375 0.41246484375000003 0.166734375 0.3630302734375 0.120245849609375 0.36840364583333335
0 0.13762158203125 0.41246484375000003 0.190439208984375 0.4072451171875 0.2177109375 0.35857812499999997 0.168345458984375 0.36333756510416665 0.13762158203125 0.41246484375000003
0 0.192896728515625 0.40663248697916665 0.24951171875 0.40079882812499995 0.275029052734375 0.3520494791666667 0.22085888671875 0.3578121744791667 0.192896728515625 0.40663248697916665
0 0.2522734375 0.4004915364583333 0.3134912109375 0.39481119791666663 0.337656005859375 0.34353450520833334 0.278279296875 0.3513642578125 0.2522734375 0.4004915364583333
0 0.316840576171875 0.39419563802083335 0.385392333984375 0.38726041666666666 0.405398193359375 0.3373893229166667 0.339799560546875 0.34564876302083336 0.316840576171875 0.39419563802083335
0 0.388532958984375 0.38754947916666665 0.464556884765625 0.3798916015625 0.48307568359375 0.32412044270833335 0.41043505859375 0.3339231770833333 0.388532958984375 0.38754947916666665
0 0.468322021484375 0.37974739583333333 0.553009765625 0.37064453124999996 0.568387939453125 0.31256184895833333 0.486732421875 0.3231090494791667 0.468322021484375 0.37974739583333333
0 0.55725244140625 0.3707431640625 0.654931884765625 0.3601949869791667 0.663138671875 0.30197395833333335 0.57223876953125 0.31299772135416665 0.55725244140625 0.3707431640625
0 0.659945556640625 0.3603684895833333 0.764737548828125 0.3495016276041667 0.7626708984375 0.4280026041666667 0.76388671875 0.4297867838541667 0.76376513671875 0.4320572916666667 0.7681416015625 0.4318951822916666 0.7726396484375 0.288841796875 0.668333984375 0.3018173828125 0.659945556640625 0.3603684895833333