0 0.866446875 0.630475 0.6937453125 0.6270015625 0.6460140625 0.801546875 0.8282624999999999 0.8050203125 0.8681828125 0.6296062499999999
0 0.867315625 0.624396875 0.9046328125 0.45940312499999997 0.7388734375 0.46374531250000006 0.69635 0.622659375
0 0.9011609375 0.4567984375 0.9384781249999999 0.3065671875 0.7796624999999999 0.311778125 0.7371390625 0.460271875
0 0.9348953124999999 0.30381874999999997 0.9688531250000001 0.162415625 0.8161125 0.1711 0.78053125 0.3074359375
0 0.8083015625 0.1745734375 0.6564281249999999 0.1823890625 0.6130359375000001 0.3161203125 0.7735875 0.3074359375
0 0.7708328125 0.3142359375 0.6165078125 0.3204625 0.5679093749999999 0.458534375 0.7319312499999999 0.4567984375 0.7735875 0.3143828125
0 0.5661734375 0.46635 0.7327984375 0.46461406250000004 0.68940625 0.624396875 0.5201765625 0.621790625
0 0.690275 0.6270015625 0.5158375000000001 0.6278703125 0.46116406249999997 0.8024140624999999 0.639071875 0.8041515625000001
0 0.5065109375 0.6267359375 0.3327234375 0.6261328125000001 0.27197343749999997 0.8024140624999999 0.45508906250000003 0.8032828125
0 0.32421875 0.629340625 0.1522109375 0.6278703125 0.0836515625 0.7919937499999999 0.26416249999999997 0.7972046875000001
0 0.3268234375 0.6189234375 0.3856609375 0.47156093749999994 0.219903125 0.47156093749999994 0.1591546875 0.6131078125
0 0.33619374999999996 0.6200546874999999 0.3952078125 0.47069218749999997 0.5592296875 0.46635 0.5054234375 0.6209234375
0 0.5600984375 0.458534375 0.60609375 0.3230671875 0.44554218749999996 0.325671875 0.3943390625 0.4620078125
0 0.44140625 0.32725624999999997 0.28325625 0.32827812500000003 0.219903125 0.4698234375 0.39086875 0.4628765625
0 0.2841234375 0.326540625 0.3387984375 0.19975625 0.49153906249999996 0.194546875 0.444675 0.3213296875
0 0.5002171875 0.192809375 0.6546937500000001 0.18586249999999999 0.6069609375 0.3143828125 0.44901406250000003 0.3204625
0 0.2849921875 0.1711 0.09232968750000001 0.1745734375 0.0090171875 0.325671875 0.21035624999999997 0.3143828125
0 0.20703125 0.3220484375 0.0124890625 0.33088281249999996 0.002075 0.34043437499999996 0.00120625 0.5158484375 0.1287796875 0.5106375
0 0.1276046875 0.512153125 0.040259375 0.6999453124999999 0 0.7012578125 0 0.51195
0 0.0836515625 0.1724125 0.0003390625 0.1724125 0.0003390625 0.325246875