0 0.8713088888888889 0.136205 0.9988888888888889 0.1269425 0.99885 0.42427750000000003 0.7264877777777778 0.43631875000000003
0 0.7197533333333334 0.44629624999999995 0.9988888888888889 0.4353925 0.85732 0.840175 0.5372333333333333 0.8429537500000001
0 0.9963811111111112 0.4937475 0.8778911111111111 0.8438800000000001 0.9988888888888889 0.84480625
0 0.77915 0.20197125 0.6902822222222222 0.3733325 0.7511733333333334 0.3696275 0.8326344444444445 0.19548749999999998
0 0.7626933333333333 0.20197125 0.6293922222222222 0.21216000000000002 0.5290055555555556 0.38166875 0.680408888888889 0.37703749999999997
0 0.6277466666666667 0.21123375 0.48704000000000003 0.2214225 0.3833611111111111 0.38907875 0.5290055555555556 0.38166875
0 0.5265366666666667 0.38352125000000004 0.3833611111111111 0.39371 0.2574666666666667 0.59008 0.41462999999999994 0.58359625
0 0.5308644444444445 0.3879625 0.6837000000000001 0.37981625 0.5775533333333334 0.58267 0.4154522222222222 0.5845225
0 0.6888888888888889 0.37546250000000003 0.7478822222222222 0.37889 0.6573688888888888 0.5771125 0.5898955555555555 0.58174375
0 0.3463333333333333 0.37425875 0.4212122222222222 0.25291625 0.4656455555555556 0.25476875 0.39159 0.37611125
0 0.4121611111111111 0.2538425 0.31753444444444445 0.26403125 0.24183222222222223 0.37889 0.33892777777777783 0.37240625
0 0.32987666666666665 0.382595 0.23771777777777778 0.3844475 0.1554333333333333 0.5132 0.2558211111111111 0.5076425
0 0.3395066666666666 0.3824075 0.3874755555555556 0.37796375 0.3068366666666667 0.509495 0.25993444444444447 0.5113475
0 0.29531666666666667 0.27792625 0.23113555555555554 0.27607375 0.17189 0.37055374999999996 0.2475922222222222 0.36221625
0 0.23689555555555555 0.3696275 0.16777666666666666 0.37518500000000005 0.1027711111111111 0.46596 0.17682777777777778 0.46596
0 0.22537555555555555 0.28904125 0.17847333333333334 0.29181999999999997 0.12663444444444444 0.36684875 0.1743588888888889 0.36499499999999996
0 0.1291022222222222 0.36870125000000004 0.07068 0.44743375 0.12005111111111112 0.44187624999999997 0.17600444444444444 0.36592125000000003