0 0.6737859375 0.4489828125 0.9523640625 0.495875 0.3587578125 0.9984375 0.2841234375 0.9969328125000001 0.1036125 0.86580625 0.2537484375 0.7529171875 0.2546171875 0.7650750000000001 0.2606921875 0.7694156249999999 0.27110625 0.7607328125 0.28325625 0.7451015625 0.29974531249999997 0.725128125 0.4602953125 0.60181875 0.49327343749999997 0.593134375 0.4967453125 0.5879234375 0.489803125 0.578371875
0 0.6911421875 0.43769375000000005 0.9984375 0.2136515625 0.9984375 0.4559296875 0.9645140624999999 0.48285
0 0.9723234375 0.495875 0.388265625 0.9969328125000001 0.9984375 0.9984375 0.9966234375 0.5019546874999999
0 0.992284375 0.15546875 0.7874734375 0.1711 0.4524859375 0.40209062500000003 0.6312609375 0.4324828125 0.99575625 0.164153125
0 0.23205312500000003 0.4133796875 0.0003390625 0.5523203125 0 0.6947359375 0.20515 0.5592671874999999
0 0.429053125 0.40209062500000003 0.3804546875 0.39166875 0.3952078125 0.3630125 0.40301875000000004 0.3465140625 0.4143 0.3300140625 0.4143 0.31872500000000004 0.4125640625 0.30048906249999996 0.6251859375000001 0.1711 0.7796624999999999 0.164153125
0 0.6104328125 0.44985156249999997 0.4281859375 0.41164218750000003 0.3943390625 0.43422031250000004 0.39086875 0.4559296875 0.396075 0.48371875 0.3986796875 0.505428125 0.40301875000000004 0.5297421875 0.41169687499999996 0.5540578125 0.42297812500000004 0.5722937499999999 0.442071875 0.5809765625
0 0.2060171875 0.5679515625 0 0.712103125 0.0029421875 0.829334375 0.058484375 0.8718859374999999 0.1522109375 0.8006781249999999 0.1435328125 0.791125 0.14006093749999998 0.7876515625 0.13919375 0.77723125 0.14092968749999998 0.7659421875 0.15134375 0.7529171875 0.1652296875 0.7459703125 0.17564375000000002 0.7398906249999999 0.186925 0.7216546875
0 0.3466078125 0.54103125 0.34226875 0.5966078125000001 0.34226875 0.6122390625 0.3474765625 0.6252640625 0.350946875 0.6339484375 0.350946875 0.6435 0.3526828125 0.6487109375 0.3952078125 0.613975 0.376115625 0.593134375 0.36396562499999996 0.5670828125 0.3596265625 0.5557937500000001
0 0.2546171875 0.3812484375 0.15394687499999998 0.3673546875 0.0038093750000000003 0.4559296875 0.002075 0.5531890625 0.23552499999999998 0.41164218750000003 0.24159999999999998 0.39514218749999996 0.250278125 0.3908015625
0 0.1461359375 0.3630125 0.056748437500000005 0.3465140625 0.002075 0.37951250000000003 0 0.453325
0 0.1731765625 0.35850624999999997 0.0732375 0.3386984375 0.3743796875 0.1745734375 0.476784375 0.17196875 0.3648328125 0.24578125 0.33966562499999997 0.24578125 0.33011875 0.252728125 0.3205734375 0.265753125 0.3110265625 0.27530625 0.298009375 0.283990625
0 0.6130359375000001 0.1711 0.4854640625 0.17196875 0.3674359375 0.24317656250000003 0.381321875 0.251859375 0.39086875 0.25880625 0.3952078125 0.2718328125 0.399546875 0.2848578125 0.40214999999999995 0.295278125 0.40301875000000004 0.3039625
0 0.3084234375 0.280515625 0.1739078125 0.3595390625 0.2537484375 0.37603906249999997 0.28759531250000003 0.36388125 0.29540625 0.36214375 0.310159375 0.36214375 0.3084234375 0.30569999999999997 0.30755468750000003 0.2926734375