0 0.8456187500000001 0.10249843750000001 0.836071875 0.026079687499999997 0.5843984375 0.02260625 0.567040625 0.09555
0 0.8430156249999999 0.10597187500000001 0.5653046875000001 0.099025 0.54100625 0.1910734375 0.8595046875 0.2023625
0 0.8655796875 0.209309375 0.5297234375000001 0.1962828125 0.4967453125 0.32480312499999997 0.878596875 0.343040625
0 0.8776046875000001 0.3532984375 0.49587812500000006 0.32480312499999997 0.43252499999999994 0.5036906250000001 0.9063671875000001 0.5557937500000001
0 0.9072359375 0.5696875 0.42645 0.5210578124999999 0.3405328125 0.8024140624999999 0.9523640625 0.903146875
0 0.948025 0.9239390625 0.3318546875 0.8188656249999999 0.2823875 0.9984375 0.9653812500000001 0.9977515625000001
0 0.3197046875 0.8188656249999999 0 0.76589375 0.0029421875 0.9984375 0.25288125 0.9984375
0 0.3249125 0.7980234375 0.4195078125 0.51493125 0.015959375 0.469775 0.00120625 0.49495781250000004 0.002075 0.7467890625
0 0.41863906249999994 0.5027734374999999 0.4793890625 0.32301875 0.14006093749999998 0.2960984375 0.0211671875 0.46369531249999996
0 0.13919375 0.29870312499999996 0 0.285678125 0 0.462828125 0.015092187500000001 0.462828125
0 0.4856765625 0.3181421875 0.5175734375000001 0.1979703125 0.237259375 0.180603125 0.15481406250000002 0.2960984375
0 0.2213546875 0.1814234375 0.0029421875 0.164971875 0.0003390625 0.2787296875 0.13919375 0.2908875