0 0.04852511074918566 0.6763125 0.4148830694896851 0.6495716665039063 0.325390546145494 0.41777166650390624 0.011766919652551574 0.42080458349609373 0.04852511074918566 0.6763125
0 0.7291172779587405 0.6273375 0.6105391530944625 0.41594541650390626 0.342815779587405 0.4192533334960937 0.43015968186753534 0.6504866665039063 0.7291172779587405 0.6273375
0 0.8485033365906623 0.41165458349609374 0.6205465939196526 0.41427333349609374 0.7433811943539631 0.6252566665039062 0.9961559467969597 0.6051275 0.8485033365906623 0.41165458349609374
0 0.9997249370249729 0.5955795834960937 0.9997249370249729 0.4097445834960938 0.8618008827361564 0.41230625 0.9997249370249729 0.5955795834960937
0 0.1823427871878393 0.39967583349609376 0.3581943105320304 0.39825291650390626 0.3117687155266015 0.2969125 0.15008196851248642 0.29364666650390625 0.1823427871878393 0.39967583349609376
0 0.36753279804560257 0.39796833349609373 0.5259887372421281 0.3964025 0.4703237926167209 0.299055 0.32031038762214986 0.2958454165039062 0.36753279804560257 0.39796833349609373
0 0.5345285559174809 0.3964025 0.6812815059717698 0.3952641665039062 0.6161289033659065 0.30304 0.4788636123778502 0.29948166650390623 0.5345285559174809 0.3964025
0 0.688941121606949 0.39533541650390625 0.8217785309446254 0.39505083349609377 0.7488143615635179 0.30651541650390624 0.6215731889250814 0.30368041650390626 0.688941121606949 0.39533541650390625
0 0.828920217155266 0.39533541650390625 0.9541665722041259 0.39462375 0.8716174592833876 0.30937333349609375 0.7535600434310532 0.3073691665039063 0.828920217155266 0.39533541650390625
0 0.9997249370249729 0.39433916650390627 0.9997249370249729 0.3258825 0.9862819250814332 0.311935 0.8771655157437569 0.3096579165039062 0.9590818099891423 0.39433916650390627 0.9997249370249729 0.39433916650390627
0 0.8425800358306189 0.2980229165039063 0.9047631129207383 0.29928708349609373 0.8654328773072747 0.25817875 0.8062109880564603 0.25585583349609375 0.8425800358306189 0.2980229165039063
0 0.9084238295331162 0.299565 0.9668109153094463 0.30144416650390626 0.928198740499457 0.26081291650390626 0.8692789001085777 0.25859083349609374 0.9084238295331162 0.299565