0 0.42100703125 0.31435873388042207 0.3526109375 0.13554982415005862 0.15705703124999998 0.053021101992965995 0.23574140625 0.27975732708089096
0 0.43315937499999996 0.34431887456037513 0.25078359375 0.31711254396248534 0.34103984375 0.5777291910902697 0.51634453125 0.5507983587338804
0 0.5296515625 0.5855474794841735 0.358975 0.6237713950762016 0.46716640624999994 0.919137162954279 0.61932890625 0.802728018757327
0 0.4826390625 0.19061313012895661 0.3526109375 0.1381559202813599 0.4266671875 0.31711254396248534 0.5470078125 0.34143610785463074
0 0.55555546875 0.36906799531066825 0.43708125000000003 0.34664947245017586 0.5192375 0.5499296600234467 0.6291640625 0.5316869871043376
0 0.53385390625 0.5826928487690504 0.63842109375 0.5586178194607269 0.709584375 0.7375744431418523 0.62395703125 0.8044654161781946
0 0.7109375 0.5449179366940211 0.64015703125 0.5577479484173505 0.7142125 0.7393118405627198 0.7738046875 0.6906635404454865
0 0.7638890625 0.5331946072684642 0.71305546875 0.5429800703399765 0.7772765625 0.6924009378663541 0.8189328124999999 0.6602579132473623
0 0.70090625 0.5247373974208676 0.639578125 0.38139742086752637 0.5626296875000001 0.3709730363423212 0.63032109375 0.5334243845252052
0 0.644965625 0.3846987104337632 0.7032203124999999 0.39269167643610786 0.75239765625 0.513443141852286 0.7049554687499999 0.5203939038686988
0 0.63194453125 0.3612520515826495 0.5713078125 0.22937162954279014 0.48394453125 0.1937538100820633 0.5499007812500001 0.34491090269636576
0 0.64304921875 0.26064478311840567 0.57709375 0.23197772567409145 0.63205703125 0.35794255568581473 0.6922273437500001 0.3709730363423212