0 0.30017890625 0.12694305555555555 0 0 0 0.295525 0.369953125 0.36221666666666663
0 0.3777640625 0.37703749999999997 0 0.3047875 0.0002515625 0.9179819444444445 0.4852890625 0.7767291666666667
0 0.4921875 0.8074069444444444 0 0.9693944444444446 0 0.9986111111111111 0.5519398437499999 0.9986111111111111
0 0.5076796875 0.8026638888888888 0.7961507812499999 0.7100375 0.93465859375 0.9981083333333334 0.56912265625 0.9971819444444444
0 0.5015625 0.7643513888888889 0.39 0.38676666666666665 0.66024609375 0.4340069444444445 0.7872984375 0.6896583333333333
0 0.37890625 0.36157361111111114 0.316059375 0.1292625 0.56808125 0.24041527777777777 0.65399765625 0.4210388888888889
0 0.7945890624999999 0.7063319444444445 0.92424453125 0.6609444444444444 0.9981851562499999 0.7813597222222222 0.99921875 0.9981083333333334 0.9409070312500001 0.9986111111111111
0 0.7921875 0.6893513888888889 0.9159132812499999 0.6498291666666667 0.8055234375 0.4525319444444444 0.66649453125 0.4321541666666667
0 0.6609375 0.4199069444444445 0.5717265625 0.24134166666666665 0.717003125 0.3043277777777778 0.8044820312500001 0.45067916666666663
0 0.80625 0.4476847222222223 0.8930023437499999 0.4655 0.8133343749999999 0.3395263888888889 0.72168984375 0.3080333333333333
0 0.896875 0.47268472222222224 0.8102101562499999 0.45994305555555554 0.92372421875 0.6507555555555555 0.99610234375 0.6257458333333333
0 0.9295359375000001 0.6608444444444445 0.99921875 0.6368611111111111 0.99921875 0.774776388888889