0 0.076709375 0.0434484375 0.21556406250000001 0.1684953125 0.20515 0.313515625 0.06889843749999999 0.23188749999999997
0 0.2057296875 0.3259546875 0.06629531250000001 0.24838593750000001 0.057615625000000004 0.446378125 0.20428125000000003 0.48198125
0 0.2122390625 0.3181421875 0.2173 0.178046875 0.30234843749999996 0.251859375 0.297140625 0.3690921875
0 0.29540625 0.37951250000000003 0.29540625 0.5019546874999999 0.2034140625 0.4793765625 0.21035624999999997 0.33261875
0 0.30148125000000003 0.11118593750000001 0.30582031249999997 0.009584375000000001 0.30234843749999996 0.0009015624999999999 0.21556406250000001 0
0 0.3059890625 0.12934062500000001 0.3613625 0.1980234375 0.3587578125 0.292678125 0.30234843749999996 0.24144375
0 0.36049375 0.3022296875 0.303215625 0.25446875 0.29974531249999997 0.3690953125 0.357890625 0.40209374999999997 0.3587578125 0.30396718749999996
0 0.3613625 0.18934062499999998 0.3596265625 0.09208125 0.309290625 0.0121890625 0.3066875 0.1181328125
0 0.36396562499999996 0.1910765625 0.36396562499999996 0.1016328125 0.4047546875 0.16589375 0.40128281250000003 0.2440484375
0 0.3613625 0.40643593750000007 0.40128281250000003 0.43335625 0.40214999999999995 0.3473859375 0.3622296875 0.3117828125
0 0.35441875 0.513246875 0.3552875 0.409040625 0.3006125 0.381253125 0.2962734375 0.498484375
0 0.3596265625 0.5158515625 0.3613625 0.41685625000000004 0.3986796875 0.43769843750000004 0.399546875 0.5227999999999999
0 0.35546875 0.52256875 0.29974531249999997 0.5097734375 0.29974531249999997 0.631346875 0.35355156249999997 0.6261375
0 0.3986796875 0.6261375 0.357021875 0.6330843749999999 0.3587578125 0.734684375 0.39781093749999996 0.7129749999999999
0 0.3528640625 0.734809375 0.35441875 0.6348203125 0.298009375 0.6443734375 0.2988765625 0.764209375
0 0.2945375 0.6443734375 0.2034140625 0.662609375 0.2060171875 0.81718125 0.2928015625 0.7763671875
0 0.19921875 0.6618921875 0.052409375 0.6886609375 0.05154062499999999 0.8953359375 0.2034140625 0.81718125
0 0.3515625 0.746528125 0.2988765625 0.7746296874999999 0.297140625 0.8988093750000001 0.357890625 0.8441015625
0 0.3528640625 0.8611109375 0.30234843749999996 0.9074937500000001 0.2962734375 0.9622015625 0.3127625 0.9526484375000001 0.3309875 0.9448328125 0.3440046875 0.942228125 0.35441875 0.942228125 0.3561546875 0.93701875