0 0.6139046875 0.371696875 0.24593906250000003 0.8414921874999999 0.687671875 0.994328125 0.8135078124999999 0.9984375 0.9984375 0.495875 0.9984375 0.40382656250000004 0.621715625 0.3595390625
0 0.5913406250000001 0.36214375 0.2806515625 0.3239359375 0 0.5740296875 0.004678125 0.77723125 0.219903125 0.8397546874999999
0 0.836071875 0.37951250000000003 0.9376109375 0.18673125 0.7119703125 0.178046875 0.5843984375 0.3517234375
0 0.6966140625 0.17881875 0.5141015624999999 0.1667578125 0.3613625 0.3291453125 0.5739828124999999 0.3525921875
0 0.3346359375 0.1579859375 0.14092968749999998 0.33088281249999996 0.256353125 0.343040625 0.2841234375 0.3169890625 0.3561546875 0.325671875 0.4993484375 0.1684953125
0 0.32404375 0.15807500000000002 0.1739078125 0.1467859375 0 0.2796484375 0.00120625 0.3143828125 0.13311875 0.3291453125
0 0.5950515625 0.35850624999999997 0.2849921875 0.3239359375 0 0.5861875000000001 0.0029421875 0.7668109375000001 0.22250625 0.8362812500000001
0 0.62109375 0.36631874999999997 0.9974921875 0.40295781249999996 0.9984375 0.502821875 0.8152437499999999 0.9984375 0.7180453124999999 0.9978015625 0.2485421875 0.8458343749999999
0 0.8317328125 0.37690625 0.9384781249999999 0.18412656249999998 0.714575 0.17717812500000002 0.58179375 0.3543296875 0.83346875 0.377775
0 0.69921875 0.17881875 0.5097625 0.1684953125 0.36396562499999996 0.326540625 0.5791906250000001 0.34825
0 0.4967453125 0.1693640625 0.32577968749999997 0.1589421875 0.1383265625 0.325671875 0.250278125 0.34564531249999997 0.27718125 0.3213296875 0.35355156249999997 0.32480312499999997
0 0.3179703125 0.15720625 0.171303125 0.1467859375 0 0.280515625 0.004678125 0.313515625 0.13485468750000001 0.3291453125
0 0.4724453125 0.1007609375 0.5896046875 0.10770781250000001 0.5314593750000001 0.1667578125 0.405621875 0.1563375
0 0.59375 0.10850625 0.7310640625 0.11205000000000001 0.678125 0.1754421875 0.5444765625 0.165021875
0 0.8893234375000001 0.10980937500000001 0.849090625 0.179784375 0.690275 0.1728375 0.747553125 0.1094453125
0 0.902896875 0.1137875 0.9984375 0.118128125 0.9974921875 0.2614125 0.9193859375000001 0.2544640625 0.948025 0.18499375 0.860371875 0.179784375