0 0.663328125 0.7282705078124999 0.896577392578125 0.6907994791666666 0.8521103515625 0.322404296875 0.67780419921875 0.4024231770833333 0.663328125 0.7282705078124999
0 0.49797265625 0.7526780598958333 0.652426513671875 0.72816015625 0.67157861328125 0.40643391927083333 0.546102783203125 0.4672203776041666 0.49797265625 0.7526780598958333
0 0.3780849609375 0.7754443359375 0.48971630859375 0.7536031901041667 0.538313232421875 0.4694557291666666 0.442841796875 0.5162561848958334 0.3780849609375 0.7754443359375
0 0.288825439453125 0.7917897135416667 0.375459716796875 0.7707744140625 0.437871826171875 0.5149716796875 0.3601455078125 0.5547841796875 0.288825439453125 0.7917897135416667
0 0.216673583984375 0.8016188151041667 0.282139892578125 0.7891748046874999 0.35675732421875 0.5557913411458334 0.293226806640625 0.585375 0.216673583984375 0.8016188151041667
0 0.161062255859375 0.8119361979166667 0.213857666015625 0.8004313151041668 0.291501953125 0.5862897135416667 0.237791748046875 0.6126110026041667 0.161062255859375 0.8119361979166667
0 0.11242041015625 0.8215628255208333 0.15624072265625 0.8145188802083334 0.234906005859375 0.6149456380208334 0.189395751953125 0.6365465494791667 0.11242041015625 0.8215628255208333
0 0.0736982421875 0.8241455078125001 0.1108310546875 0.8199192708333333 0.188377685546875 0.6359293619791667 0.15113720703125 0.6522776692708333 0.0736982421875 0.8241455078125001
0 0.040779541015625 0.8295455729166666 0.070697021484375 0.826962890625 0.148453369140625 0.657001953125 0.148953857421875 0.6547985026041666 0.117796142578125 0.6684863281250001 0.040779541015625 0.8295455729166666
0 0.014537841796875 0.8314684244791667 0.040093017578125 0.8283899739583332 0.11553271484375 0.6701057942708334 0.087093505859375 0.6816341145833333 0.014537841796875 0.8314684244791667
0 0.060304443359375 0.6924713541666666 0.000136474609375 0.8134886067708332 0.0005478515625 0.8322871093750001 0.01176123046875 0.8309195963541667 0.08601953125 0.682126953125 0.060304443359375 0.6924713541666666
0 0 0.7766529947916667 0.000142578125 0.8113681640625 0.058353515625 0.69405078125 0.036858642578125 0.7031067708333333 0 0.7766529947916667
0 0.3364599609375 0.5621956380208334 0.35947607421875 0.5502122395833333 0.360598876953125 0.5524593098958334 0.377627197265625 0.5434716796875 0.3882822265625 0.5081015624999999 0.34881005859375 0.5277434895833334 0.3364599609375 0.5621956380208334
0 0.299035400390625 0.5789225260416667 0.336647216796875 0.5611969401041667 0.347500244140625 0.5282428385416666 0.311385498046875 0.5459680989583333 0.299035400390625 0.5789225260416667
0 0.265914306640625 0.5958987630208333 0.2986611328125 0.5786728515625 0.31101123046875 0.5469667968749999 0.277328857421875 0.5629446614583333 0.265914306640625 0.5958987630208333
0 0.23429052734375 0.6126256510416667 0.23915576171875 0.6111276041666667 0.2393427734375 0.6086311848958333 0.264978759765625 0.5961484375 0.276822998046875 0.5627548828125 0.247950439453125 0.5786728515625 0.23429052734375 0.6126256510416667
0 0.206970458984375 0.6253577473958333 0.234103515625 0.6123759765625 0.247576416015625 0.5781735026041667 0.22119189453125 0.5916546223958333 0.206970458984375 0.6253577473958333
0 0.18189599609375 0.6373411458333333 0.19031640625 0.6325979817708333 0.19031640625 0.6335963541666666 0.206221923828125 0.6263564453125 0.22067236328125 0.5908304036458333 0.196117431640625 0.60463671875 0.18189599609375 0.6373411458333333
0 0.158692626953125 0.6470777994791667 0.1820830078125 0.6363427734375 0.195123779296875 0.6043066406250001 0.17310107421875 0.6161207682291666 0.158692626953125 0.6470777994791667
0 0.13717333984375 0.6580625 0.15158203125 0.6520706380208333 0.152330322265625 0.64957421875 0.15813134765625 0.646828125 0.17322509765625 0.6155367838541667 0.151956298828125 0.6263564453125 0.13717333984375 0.6580625
0 0.1176201171875 0.6668811848958334 0.137131103515625 0.65791796875 0.151488037109375 0.6268528645833333 0.13344970703125 0.6354479166666667 0.1176201171875 0.6668811848958334
0 0.462905029296875 0.482333984375 0.458259521484375 0.48058593749999995 0.452780029296875 0.4778841145833333 0.445156494140625 0.4726396484375 0.43824755859375 0.4670774739583334 0.424310791015625 0.5206344401041666 0.45885498046875 0.5042652994791667 0.46431591796875 0.48286295572916665 0.462905029296875 0.482333984375
0 0.3897666015625 0.5376393229166666 0.42347705078125 0.5212701822916667 0.43836669921875 0.46755436197916667 0.4369716796875 0.46618261718750004 0.40787255859375 0.48153938802083335 0.3897666015625 0.5376393229166666
0 0.37189892578125 0.5133238932291667 0.3898857421875 0.5053779296875 0.39238720703125 0.5076028645833334 0.38416796875 0.5341429036458333 0.38726513671875 0.5328714192708334 0.3891708984375 0.533666015625 0.388575439453125 0.5373212890625 0.3897666015625 0.5374801432291666 0.405695556640625 0.4823863932291667 0.377616455078125 0.4960013020833333 0.37189892578125 0.5133238932291667
0 0.343906005859375 0.5285807291666667 0.37177978515625 0.5144365234375 0.376921630859375 0.4962076822916666 0.35081494140625 0.5098277994791667 0.343906005859375 0.5285807291666667
0 0.3186298828125 0.5417711588541666 0.343525634765625 0.5287395833333334 0.3493623046875 0.51078125 0.325896240234375 0.5231770833333333 0.3186298828125 0.5417711588541666
0 0.29564013671875 0.5524189453125 0.3193447265625 0.5403408203125 0.32434765625 0.5242897135416666 0.301834228515625 0.5352552083333334 0.29564013671875 0.5524189453125
0 0.273722412109375 0.5635436197916667 0.29587841796875 0.551783203125 0.30100048828125 0.5368447265624999 0.30114404296875 0.5360026041666667 0.28086962890625 0.5465387369791667 0.273722412109375 0.5635436197916667
0 0.2527578125 0.5738736979166666 0.27467529296875 0.5627490234375 0.279340087890625 0.5469641927083333 0.26050048828125 0.5563919270833334 0.2527578125 0.5738736979166666