0 1 0.21259128466796876 0 0.24576265478515624 0 0.33674523095703124 1 0.34003457177734375 1 0.21259128466796876
0 0.0577041015625 0.468505859375 0.09311263020833332 0.53055078125 0.9864619140625001 0.6062158203125 0.9973167317708334 0.52729638671875 0.0577041015625 0.468505859375
0 0.10404752604166667 0.54185205078125 0.13218749999999999 0.586517578125 0.9738590494791667 0.69124560546875 0.9871012369791666 0.624991943359375 0.10404752604166667 0.54185205078125
0 0.15109016927083332 0.60949658203125 0.14772200520833334 0.6088037109375 0.16894824218750001 0.6488134765625 0.9486611328125 0.790143310546875 0.9642210286458334 0.740018798828125 0.15109016927083332 0.60949658203125
0 0.18698600260416667 0.683690673828125 0.21167415364583334 0.719423095703125 0.93084765625 0.8524267578125 0.9421038411458333 0.8109873046875 0.18698600260416667 0.683690673828125
0 0.24205338541666666 0.777239990234375 0.6620976562499999 0.875 0.8356803385416667 0.875 0.22682454427083332 0.746966796875 0.24205338541666666 0.777239990234375
0 0.2695286458333333 0.82342236328125 0.4853798828125 0.875 0.6030234375 0.875 0.25395214843749997 0.799422607421875 0.2695286458333333 0.82342236328125
0 0.18482194010416667 0.875 0.3794856770833333 0.874791015625 0.15467154947916667 0.83330224609375 0.18482194010416667 0.875
0 0.22276985677083336 0.736576416015625 0.21350032552083334 0.721191650390625 0.20356835937499998 0.719950927734375 0.2005888671875 0.7130029296875 0.06551627604166667 0.693151611328125 0.10623665364583333 0.74749462890625 0.22574934895833332 0.768586669921875 0.21548665364583333 0.740794677734375 0.22276985677083336 0.736576416015625
0 0.255544921875 0.811266845703125 0.24164029947916665 0.7948896484375 0.24461979166666667 0.7901748046875 0.24793033854166668 0.787197265625 0.2505787760416667 0.786452880859375 0.25090983072916667 0.78372314453125 0.24826139322916665 0.781738037109375 0.23501920572916668 0.777767822265625 0.22839778645833334 0.77057177734375 0.1094990234375 0.7513955078125 0.142984375 0.79885986328125 0.2572001953125 0.821440673828125 0.26084179687500003 0.81821484375 0.255544921875 0.811266845703125
0 0.17741471354166669 0.680000244140625 0.18006315104166667 0.676278076171875 0.18337369791666666 0.67280419921875 0.18469791666666668 0.67081884765625 0.17377278645833336 0.65220849609375 0.151591796875 0.647741943359375 0.14497070312500002 0.642779052734375 0.019153645833333333 0.628535888671875 0.06253645833333334 0.691910888671875 0.1959541015625 0.70928076171875 0.17807682291666668 0.684962890625 0.17741471354166669 0.680000244140625