0 0.392826171875 0.15266080729166667 0.40723876953125 0.40718912760416665 0.675738525390625 0.5114798177083334 0.702009765625 0.16651790364583333 0.392826171875 0.15266080729166667
0 0.407332763671875 0.42127734375 0.418481201171875 0.6208997395833333 0.656809326171875 0.7824127604166667 0.675476806640625 0.5282174479166667 0.407332763671875 0.42127734375
0 0.41806884765625 0.630375 0.426408447265625 0.7962770182291666 0.641977783203125 0.9894791666666666 0.65553076171875 0.7925289713541667 0.41806884765625 0.630375
0 0.6409430913085937 1 0.641210693359375 0.996634765625 0.4280380859375 0.8067529296874999 0.43459130859375 0.943478515625 0.48752605419921874 1 0.6409430913085937 1
0 0.434990736328125 1 0.4343486328125 0.9856263020833333 0.397272705078125 0.9443541666666667 0.400890603515625 1 0.434990736328125 1
0 0.39393359375 0.8763854166666666 0.397503173828125 0.9422060546875 0.4343486328125 0.9831712239583333 0.430433837890625 0.9127477213541666 0.39393359375 0.8763854166666666
0 0.389037109375 0.7999612630208334 0.393359130859375 0.8721881510416667 0.429974365234375 0.9094710286458333 0.42559912109375 0.833984375 0.389037109375 0.7999612630208334
0 0.38265087890625 0.7164586588541666 0.388523193359375 0.7956276041666667 0.42536865234375 0.8303020833333333 0.4211083984375 0.7486783854166666 0.38265087890625 0.7164586588541666
0 0.3780419921875 0.6261357421875 0.384236572265625 0.7136005859375 0.420646728515625 0.7442125651041667 0.4154453125 0.6528102213541667 0.3780419921875 0.6261357421875
0 0.36809033203125 0.5225657552083333 0.3754423828125 0.619419921875 0.415662109375 0.6486227213541667 0.409918701171875 0.5472574869791667 0.36809033203125 0.5225657552083333
0 0.35942138671875 0.4088160807291667 0.367331787109375 0.5176901041666667 0.409810546875 0.5422373046875 0.4029833984375 0.4293203125 0.35942138671875 0.4088160807291667
0 0.35148046875 0.2824817708333333 0.359748291015625 0.40368164062499995 0.403057373046875 0.4236634114583333 0.395146240234375 0.29342415364583335 0.35148046875 0.2824817708333333
0 0.446001953125 0.14977213541666667 0.447340087890625 0.14815104166666668 0.44904296875 0.14831315104166667 0.44892138671875 0.14247786458333334 0.34163134765625 0.13648046875 0.351363037109375 0.2755546875 0.3952763671875 0.28673925781250004 0.387126220703125 0.1470166015625 0.446001953125 0.14977213541666667