0 0.2185748955078125 0 0.216581298828125 0.2550390625 0.54977783203125 0.30242089843750003 0.54275390625 0.06492610677083334 0.3107602939453125 0 0.2185748955078125 0
0 0.554167724609375 0.5627942708333333 0.5463173828125 0.3125341796875 0.210435302734375 0.2656331380208333 0.2056064453125 0.5715686848958333 0.554167724609375 0.5627942708333333
0 0.567337646484375 0.8424824218750001 0.558996826171875 0.5763248697916666 0.209118408203125 0.5850992838541667 0.20867919921875 0.9179427083333334 0.567337646484375 0.8424824218750001
0 0.5745325668945312 1 0.56869775390625 0.8575592447916667 0.20867919921875 0.9341009114583333 0.20867919921875 1 0.5745325668945312 1
0 0.7587574331054687 1 0.751195068359375 0.8527692057291666 0.602376220703125 0.8925465494791666 0.6060544555664062 1 0.7587574331054687 1
0 0.750372802734375 0.8470273437500001 0.741320556640625 0.7035462239583333 0.596452392578125 0.7210950520833334 0.602159423828125 0.8854694010416666 0.750372802734375 0.8470273437500001
0 0.740881591796875 0.6965266927083333 0.733418701171875 0.5561357421875001 0.587233642578125 0.5561357421875001 0.596013427734375 0.7111507161458334 0.740881591796875 0.6965266927083333
0 0.73353955078125 0.5492718098958334 0.72712646484375 0.4141549479166667 0.5860595703125 0.39867252604166664 0.59023046875 0.5483359375 0.73353955078125 0.5492718098958334
0 0.7259453125 0.40810904947916665 0.72042333984375 0.278041015625 0.58010107421875 0.2474733072916667 0.58531494140625 0.391181640625 0.7259453125 0.40810904947916665
0 0.71967919921875 0.2703600260416667 0.711337158203125 0.14411881510416666 0.574156005859375 0.10084765624999999 0.579816650390625 0.23979231770833334 0.71967919921875 0.2703600260416667
0 0.569110408203125 0 0.572734619140625 0.09396484375000001 0.71209716796875 0.13710091145833334 0.705154052734375 0.014369140625 0.6695702626953125 0 0.569110408203125 0