0 0.42019595666666665 0 0.420495 0.046174999999999994 0.501235 0.1375 0.50474787 0 0.42019595666666665 0
0 0.5094701150000001 0 0.50386 0.1424475 0.6607083333333333 0.3248125 0.7051415616666667 0 0.5094701150000001 0
0 0.6224233333333333 0.586785 0.6582383333333333 0.34795499999999996 0.5030866666666666 0.16388999999999998 0.49706666666666666 0.3590625 0.6224233333333333 0.586785
0 0.42173 0.2192825 0.49212666666666666 0.3461025 0.49938333333333335 0.15277749999999998 0.420495 0.06654 0.42173 0.2192825
0 0.42234666666666665 0.3609125 0.48842166666666664 0.5062475 0.492745 0.35720999999999997 0.42111166666666666 0.2257625 0.42234666666666665 0.3609125
0 0.597105 0.7765525 0.6211883333333333 0.6043725 0.4958316666666667 0.36461750000000004 0.48904 0.5164325000000001 0.597105 0.7765525
0 0.490275 0.5321675 0.48471666666666663 0.6497324999999999 0.5779616666666666 0.9228149999999999 0.5993833333333334 0.793055 0.490275 0.5321675
0 0.4242 0.48310499999999995 0.48162833333333327 0.6423274999999999 0.48641999999999996 0.52361 0.425435 0.375725 0.4242 0.48310499999999995
0 0.5669715783333333 1 0.5767266666666667 0.9311450000000001 0.4859516666666667 0.659915 0.4859516666666667 0.66084 0.4822466666666667 0.7672950000000001 0.55129839 1 0.5669715783333333 1
0 0.5484846783333333 1 0.480865 0.7708325 0.47915833333333335 0.8681975 0.5169332083333333 1 0.5484846783333333 1
0 0.5127003566666666 1 0.47792333333333337 0.87653 0.47545333333333334 0.9468825 0.48915262333333337 1 0.5127003566666666 1
0 0.48471666666666663 0.65436 0.42605333333333334 0.494215 0.4248166666666666 0.58771 0.47977666666666663 0.7552625000000001 0.48471666666666663 0.65436