0 0.6963809999999999 0.8937200000000001 0.884906 0.999 0.999 0.999 0.999 0.534537 0.9620299999999999 0.529773
0 0.951557 0.528821 0.7354189999999999 0.511671 0.490716 0.778439 0.685907 0.880382
0 0.9487000000000001 0.5173880000000001 0.999 0.432594 0.999 0.31254899999999997 0.9096620000000001 0.32017 0.747797 0.499286
0 0.600214 0.491664 0.734467 0.5011909999999999 0.903949 0.323029 0.75827 0.334462
0 0.495477 0.482136 0.65163 0.348753 0.752557 0.339225 0.5916440000000001 0.494522
0 0.74494 0.506908 0.5973569999999999 0.499286 0.366937 0.709841 0.482147 0.773675
0 0.5840270000000001 0.502144 0.485956 0.491664 0.2841 0.670779 0.360272 0.710794
0 0.41359199999999996 0.483089 0.226971 0.637433 0.276483 0.666968 0.488812 0.48880599999999996 0.409784 0.481184
0 0.487143 0.483333 0.6459170000000001 0.349705 0.561175 0.35828 0.41835300000000003 0.475467
0 0.37285700000000005 0.47904800000000003 0.325995 0.471656 0.45548700000000003 0.371618 0.516424 0.369713
0 0.36408100000000004 0.4869 0.31456900000000004 0.478325 0.15936799999999998 0.5993229999999999 0.19364599999999998 0.6183780000000001