0 0.2735122222222222 0.56368125 0.00115 0.5757224999999999 0.0011111111111111111 0.8730575 0.12869111111111112 0.863795 0.2735122222222222 0.56368125
0 0.46276666666666666 0.15704625 0.14268 0.159825 0.0011111111111111111 0.5646074999999999 0.2802466666666667 0.55370375 0.46276666666666666 0.15704625
0 0.0011111111111111111 0.15519375 0.003618888888888889 0.5062525 0.12210888888888888 0.15612 0.0011111111111111111 0.15519375
0 0.24882666666666664 0.6303725 0.16736555555555555 0.8045125 0.22085 0.79802875 0.30971777777777776 0.6266675 0.24882666666666664 0.6303725
0 0.47099444444444444 0.61833125 0.3195911111111111 0.6229625 0.23730666666666667 0.79802875 0.3706077777777778 0.7878400000000001 0.47099444444444444 0.61833125
0 0.616638888888889 0.6109212500000001 0.47099444444444444 0.61833125 0.3722533333333334 0.78876625 0.51296 0.7785774999999999 0.616638888888889 0.6109212500000001
0 0.7425333333333333 0.40991999999999995 0.58537 0.41640374999999996 0.47346333333333335 0.61647875 0.616638888888889 0.60629 0.7425333333333333 0.40991999999999995
0 0.5845477777777778 0.4154775 0.42244666666666664 0.41733 0.3163 0.62018375 0.46913555555555553 0.6120375 0.5845477777777778 0.4154775
0 0.41010444444444444 0.41825625 0.3426311111111111 0.4228875 0.2521177777777778 0.6211099999999999 0.3111111111111111 0.6245375 0.41010444444444444 0.41825625
0 0.60841 0.62388875 0.5343544444444445 0.7452312499999999 0.5787877777777778 0.74708375 0.6536666666666666 0.62574125 0.60841 0.62388875
0 0.7581677777777778 0.6211099999999999 0.6610722222222223 0.62759375 0.5878388888888888 0.7461575 0.6824655555555557 0.73596875 0.7581677777777778 0.6211099999999999
0 0.8445666666666667 0.4868 0.7441788888888888 0.4923575 0.6701233333333333 0.617405 0.7622822222222222 0.6155525000000001 0.8445666666666667 0.4868
0 0.7400655555555555 0.48865250000000005 0.6931633333333334 0.49050499999999997 0.6125244444444445 0.6220362500000001 0.6604933333333333 0.6175925 0.7400655555555555 0.48865250000000005
0 0.82811 0.62944625 0.7524077777777778 0.63778375 0.7046833333333333 0.72207375 0.7688644444444444 0.72392625 0.82811 0.62944625
0 0.8972288888888889 0.5340400000000001 0.8231722222222222 0.5340400000000001 0.7631044444444445 0.6303725 0.8322233333333333 0.624815 0.8972288888888889 0.5340400000000001
0 0.8733655555555555 0.63315125 0.8256411111111112 0.635005 0.7746244444444444 0.7109587500000001 0.8215266666666667 0.70818 0.8733655555555555 0.63315125
0 0.8799488888888888 0.55812375 0.8239955555555556 0.63407875 0.8708977777777778 0.63129875 0.92932 0.55256625 0.8799488888888888 0.55812375