0 0.5114984375 0.25880625 0.4724453125 0.165021875 0.29367031250000003 0.3673546875 0.3084234375 0.4628765625
0 0.3033859375 0.4665796875 0.2901984375 0.3690921875 0.171303125 0.5010859375 0.171303125 0.592265625
0 0.309290625 0.47156093749999994 0.1704359375 0.5957390625000001 0.1704359375 0.7077609375 0.3249125 0.5835828125
0 0.3266484375 0.592265625 0.17477499999999999 0.7094984375 0.1704359375 0.844096875 0.3448734375 0.7442328125000001
0 0.3431375 0.7520484374999999 0.1704359375 0.8467015625000001 0.162625 0.9984375 0.2511453125 0.9984375 0.3683046875 0.9587234375 0.3379296875 0.7537859375
0 0.30859375 0.46137187500000004 0.51063125 0.26922812500000004 0.5653046875000001 0.3960109375 0.328384375 0.5861875000000001
0 0.5653046875000001 0.3977484375 0.641675 0.576634375 0.34834375 0.7459703125 0.328384375 0.5861875000000001
0 0.6471359375 0.5798609375 0.345740625 0.754653125 0.3717765625 0.9656703125 0.7675125 0.8467015625000001
0 0.66015625 0.5759546875 0.9984375 0.3821171875 0.9984375 0.7833109375 0.782265625 0.844965625
0 0.6588546875 0.5642359375 0.5783234375 0.3908015625 0.9984375 0.059946875 0.9984375 0.371696875
0 0.5755203125 0.3845484375 0.5175734375000001 0.252728125 0.7961515625 0 0.9984375 0 0.9984375 0.0564734375