0 0.3673546875 0.7063296875 0.4628765625 0.6915765625 0.25880625 0.48850156250000004 0.165021875 0.5275546875 0.3673546875 0.7063296875
0 0.5010859375 0.828696875 0.592265625 0.828696875 0.4665796875 0.6966140625 0.3690921875 0.7098015625 0.5010859375 0.828696875
0 0.7077609375 0.8295640625 0.5835828125 0.6750875 0.47156093749999994 0.690709375 0.5957390625000001 0.8295640625 0.7077609375 0.8295640625
0 0.844096875 0.8295640625 0.7442328125000001 0.6551265625 0.592265625 0.6733515625 0.7094984375 0.825225 0.844096875 0.8295640625
0 0.9587234375 0.6316953125 0.7548187984375 0.6619172265625 0.8467015625000001 0.8295640625 0.9984375 0.837375 0.9984375 0.7488546875 0.9587234375 0.6316953125
0 0.5861875000000001 0.671615625 0.3960109375 0.4346953125 0.26922812500000004 0.48936875 0.46137187500000004 0.69140625 0.5861875000000001 0.671615625
0 0.5861875000000001 0.671615625 0.7459703125 0.65165625 0.576634375 0.358325 0.3977484375 0.4346953125 0.5861875000000001 0.671615625
0 0.9656703125 0.6282234375 0.8467015625000001 0.2324875 0.5798609375 0.3528640625 0.754653125 0.654259375 0.9656703125 0.6282234375
0 0.844965625 0.21773437499999998 0.7833109375 0.0015625 0.3821171875 0.0015625 0.5759546875 0.33984375 0.844965625 0.21773437499999998
0 0.371696875 0.0015625 0.059946875 0.0015625 0.3908015625 0.42167656249999996 0.5642359375 0.3411453125 0.371696875 0.0015625
0 0 0.20384843749999998 0.252728125 0.4824265625 0.3845484375 0.4244796875 0.0564734375 0.0015625 0 0.0015625 0 0.20384843749999998