0 0.15234375 0.78038125 0.43252499999999994 0.66086875 0.62345 0.9984375 0.20948906250000002 0.9960640625
0 0.4361984375 0.656684375 0.6139046875 0.5757671875 0.944553125 0.9984375 0.6269218750000001 0.9984375
0 0.7447921875 0.519965625 0.6139046875 0.5688203125 0.9497640625000001 0.9984375 0.9984375 0.9984375 0.998359375 0.7728890625
0 0.1510421875 0.7634546875 0.4229828125 0.64784375 0.24767812500000003 0.34564531249999997 0.038528125 0.372565625
0 0.24609375 0.33897499999999997 0.15047968750000001 0.166759375 0.002946875 0.166759375 0 0.23449375 0.03505625 0.3630140625
0 0.25390625 0.340278125 0.41430468749999994 0.3248046875 0.293675 0.17196875 0.1591578125 0.1684953125
0 0.4153640625 0.3298609375 0.25982812499999997 0.34738281249999997 0.42992656250000005 0.6426328125 0.6069656250000001 0.565346875
0 0.733671875 0.5115078125 0.613909375 0.564478125 0.4203796875 0.327409375 0.53840625 0.30917343750000004
0 0.7408859375 0.50694375 0.8300015625 0.4672203125 0.637340625 0.29354375 0.54448125 0.30917343750000004
0 0.5305953125 0.3030953125 0.409096875 0.1711015625 0.29975 0.1702328125 0.41690781250000003 0.32133124999999996
0 0.5416671875 0.30381874999999997 0.6347375000000001 0.29007031250000004 0.5010890625 0.1728375 0.4108328125 0.17196875