0 0.42162812499999996 0.489803125 0.41207656249999997 0.4967453125 0.406865625 0.49327343749999997 0.39818125000000004 0.4602953125 0.274871875 0.29974531249999997 0.25489843749999996 0.28325625 0.2392671875 0.27110625 0.230584375 0.2606921875 0.234925 0.2546171875 0.24708281250000003 0.2537484375 0.13419375 0.1036125 0.0030671875 0.2841234375 0.0015625 0.3587578125 0.5041249999999999 0.9523640625 0.5510171875000001 0.6737859375 0.42162812499999996 0.489803125
0 0.51715 0.9645140624999999 0.5440703124999999 0.9984375 0.7863484374999999 0.9984375 0.56230625 0.6911421875 0.51715 0.9645140624999999
0 0.0015625 0.9984375 0.49804531250000006 0.9966234375 0.5041249999999999 0.9723234375 0.0030671875 0.388265625 0.0015625 0.9984375
0 0.597909375 0.4524859375 0.5675171875 0.6312609375 0.835846875 0.99575625 0.84453125 0.992284375 0.8289 0.7874734375 0.597909375 0.4524859375
0 0.3052640625 0 0.4407328125 0.20515 0.5866203125 0.23205312500000003 0.4476796875 0.0003390625 0.3052640625 0
0 0.835846875 0.7796624999999999 0.8289 0.6251859375000001 0.6995109375 0.4125640625 0.6812750000000001 0.4143 0.6699859375 0.4143 0.6534859375 0.40301875000000004 0.6369875 0.3952078125 0.60833125 0.3804546875 0.597909375 0.429053125 0.835846875 0.7796624999999999
0 0.5657796875 0.3943390625 0.5440703124999999 0.39086875 0.51628125 0.396075 0.494571875 0.3986796875 0.4702578125 0.40301875000000004 0.44594218750000003 0.41169687499999996 0.42770625000000007 0.42297812500000004 0.41902343750000004 0.442071875 0.5501484375000001 0.6104328125 0.5883578125 0.4281859375 0.5657796875 0.3943390625
0 0.170665625 0.0029421875 0.1281140625 0.058484375 0.199321875 0.1522109375 0.208875 0.1435328125 0.2123484375 0.14006093749999998 0.22276875000000002 0.13919375 0.2340578125 0.14092968749999998 0.24708281250000003 0.15134375 0.2540296875 0.1652296875 0.260109375 0.17564375000000002 0.2783453125 0.186925 0.43204843750000005 0.2060171875 0.287896875 0 0.170665625 0.0029421875
0 0.3877609375 0.34226875 0.3747359375 0.3474765625 0.3660515625 0.350946875 0.3565 0.350946875 0.35128906249999997 0.3526828125 0.386025 0.3952078125 0.406865625 0.376115625 0.4329171875 0.36396562499999996 0.44420624999999997 0.3596265625 0.45896875000000004 0.3466078125 0.4033921875 0.34226875 0.3877609375 0.34226875
0 0.5440703124999999 0.0038093750000000003 0.4468109375 0.002075 0.5883578125 0.23552499999999998 0.6048578124999999 0.24159999999999998 0.6091984375 0.250278125 0.6187515625 0.2546171875 0.6326453125 0.15394687499999998 0.5440703124999999 0.0038093750000000003
0 0.6204875000000001 0.002075 0.546675 0 0.6369875 0.1461359375 0.6534859375 0.056748437500000005 0.6204875000000001 0.002075
0 0.716009375 0.298009375 0.7246937499999999 0.3110265625 0.734246875 0.3205734375 0.747271875 0.33011875 0.7542187499999999 0.33966562499999997 0.7542187499999999 0.3648328125 0.8280312500000001 0.476784375 0.8254265625 0.3743796875 0.6613015625 0.0732375 0.64149375 0.1731765625 0.716009375 0.298009375
0 0.7568234375 0.3674359375 0.748140625 0.381321875 0.74119375 0.39086875 0.7281671875 0.3952078125 0.7151421874999999 0.399546875 0.7047218749999999 0.40214999999999995 0.6960375 0.40301875000000004 0.8289 0.6130359375000001 0.8280312500000001 0.4854640625 0.7568234375 0.3674359375
0 0.6239609374999999 0.2537484375 0.63611875 0.28759531250000003 0.63785625 0.29540625 0.63785625 0.310159375 0.6942999999999999 0.3084234375 0.7073265625 0.30755468750000003 0.7194843750000001 0.3084234375 0.6404609375 0.1739078125 0.6239609374999999 0.2537484375