0 0.33984375 0.801215625 0.178246875 0.801546875 0.1044796875 0.9517765624999999 0.315365625 0.9474343749999999
0 0.150475 0.6452375 0.063690625 0.6452375 0.061956250000000004 0.6634734375 0.0550125 0.6869203125000001 0.041126562500000005 0.70255 0.09666875 0.7042875000000001
0 0.1036125 0.7008140625 0.1530796875 0.64610625 0.256353125 0.64610625 0.22424218749999997 0.7016828125
0 0.29193437499999997 0.6044234375 0.376115625 0.6026859375 0.36917187500000004 0.6426328125 0.2667671875 0.6452375
0 0.3684890625 0.64756875 0.26503125 0.6469734375 0.237259375 0.70255 0.3561546875 0.70341875
0 0.3567703125 0.7048609375 0.2337890625 0.7042875000000001 0.1860578125 0.7928625 0.34140156250000003 0.79373125
0 0.3769828125 0.6482796875 0.476784375 0.6482796875 0.49240625 0.7016828125 0.3683046875 0.70211875
0 0.5666609375 0.6028640625 0.4801640625 0.602359375 0.48915625 0.642175 0.589646875 0.6424000000000001
0 0.597065625 0.641725 0.573459375 0.602134375 0.6606859375 0.602359375 0.6950828125 0.6403749999999999
0 0.5912203125 0.6446500000000001 0.48848125 0.6446500000000001 0.500621875 0.7029124999999999 0.62224375 0.7017875
0 0.5987046874999999 0.6440140624999999 0.6991296874999999 0.6424000000000001 0.7485875 0.6972875000000001 0.6301125 0.7011125
0 0.626209375 0.70635 0.5021140625 0.706125 0.5205484375 0.7940796875 0.67409375 0.79048125
0 0.6347953125 0.705065625 0.7550265625 0.702975 0.8298875000000001 0.7830578125 0.6821875000000001 0.78868125
0 0.8361625 0.7897265625000001 0.6871328125 0.7952046875 0.7691890625 0.9341484375 0.9626890625 0.923125
0 0.67796875 0.7951234375 0.75884375 0.9343734375 0.554940625 0.940896875 0.5227921875 0.7989531249999999
0 0.803690625 0.641384375 0.7068203125 0.642809375 0.757471875 0.69681875 0.869853125 0.6934921875
0 0.8865187499999999 0.6980859374999999 0.9984375 0.6941265624999999 0.9984375 0.7519359375 0.9984375 0.75209375 0.9984375 0.774584375 0.9875046875000001 0.7744265625
0 0.9028218750000001 0.639009375 0.8089234375000001 0.6407515625 0.87856875 0.6930171875 0.9896843750000001 0.6904828125
0 0.9941093750000001 0.6887828125000001 0.9098703125000001 0.6386921875 0.9984375 0.6350484375 0.9984375 0.6889000000000001
0 0.8961343749999999 0.6354062500000001 0.8393109375 0.5999296875 0.7563703125 0.6005625 0.8054375 0.637465625
0 0.903434375 0.6350156250000001 0.8428109375 0.5981124999999999 0.9235359375 0.5962125 0.9984375 0.6327984375