0 0.19213229166666668 0.9074895833333334 0.298009375 0.9856437499999999 0.9028968749999999 0.9882489583333334 0.992284375 0.8527812499999999 0.9896812500000001 0.7754947916666667 0.46029583333333335 0.7320760416666666 0.19213229166666668 0.9074895833333334
0 0.9905489583333333 0.564478125 0.6564291666666667 0.607896875 0.4767854166666667 0.725996875 0.992284375 0.7607322916666667 0.9905489583333333 0.564478125
0 0.2806520833333333 0.710365625 0.47157812499999996 0.7207864583333333 0.6338645833333333 0.6113708333333334 0.41603541666666666 0.6391583333333333 0.2806520833333333 0.710365625
0 0.18605729166666668 0.904884375 0.45422083333333335 0.7320760416666666 0.26676666666666665 0.7199187499999999 0.07323750000000001 0.82151875 0.18605729166666668 0.904884375
0 0.02550625 0.7833104166666666 0.07323750000000001 0.8197822916666666 0.26069166666666665 0.71905 0.17477499999999999 0.7121031250000001 0.02550625 0.7833104166666666
0 0.9905489583333333 0.5679510416666667 0.9888135416666667 0.505428125 0.8239229166666667 0.5036906250000001 0.794415625 0.5132427083333334 0.653825 0.6052916666666667 0.9905489583333333 0.5679510416666667
0 0.4359958333333333 0.6278697916666667 0.6503541666666667 0.6026864583333332 0.76953125 0.5173614583333334 0.5401375 0.5636093750000001 0.4359958333333333 0.6278697916666667
0 0.17564270833333331 0.7086291666666666 0.27370937500000003 0.711234375 0.4153645833333333 0.6345489583333334 0.29540520833333334 0.6469739583333334 0.17564270833333331 0.7086291666666666
0 0.4047541666666667 0.593134375 0.3162333333333333 0.6426322916666667 0.432525 0.6322114583333334 0.5401375 0.5653458333333333 0.4047541666666667 0.593134375
0 0.2815197916666667 0.4950072916666667 0.9931520833333334 0.495875 0.9818708333333334 0.26922708333333334 0.45703125 0.23350729166666667 0.16956770833333332 0.42032604166666665 0.2815197916666667 0.4950072916666667
0 0.03939166666666667 0.32827708333333333 0.15915416666666668 0.41685208333333335 0.45422083333333335 0.23188645833333332 0.24767395833333333 0.22146666666666667 0.03939166666666667 0.32827708333333333
0 0.009016666666666668 0.27877916666666663 0.008148958333333334 0.30656770833333336 0.0367875 0.327409375 0.24246666666666666 0.21799270833333334 0.14006145833333333 0.21191458333333332 0.009016666666666668 0.27877916666666663
0 0.9888135416666667 0.25706979166666666 0.9940197916666667 0.06863124999999999 0.6529572916666667 0.10770833333333334 0.4700520833333333 0.22309062500000001 0.9888135416666667 0.25706979166666666
0 0.255484375 0.21365104166666665 0.46290000000000003 0.224071875 0.6399395833333333 0.11205 0.40215 0.13636458333333332 0.255484375 0.21365104166666665
0 0.15307916666666666 0.20670416666666666 0.25722083333333334 0.20844062500000002 0.39086875 0.13636458333333332 0.2685020833333333 0.149390625 0.15307916666666666 0.20670416666666666
0 0.64775 0.10683958333333334 0.7813979166666667 0.020001041666666667 0.5314593750000001 0.06863124999999999 0.42297812500000004 0.12854895833333332 0.64775 0.10683958333333334
0 0.9879447916666667 0.07036770833333333 0.9914166666666666 0.006976041666666667 0.789209375 0.013922916666666667 0.6640625 0.098090625 0.9879447916666667 0.07036770833333333