0 0.7681125 0.06889843749999999 0.686484375 0.20515 0.8315046875000001 0.21556406250000001 0.9565515625 0.076709375 0.7681125 0.06889843749999999
0 0.5536218749999999 0.057615625000000004 0.51801875 0.20428125000000003 0.6740453125 0.2057296875 0.7516140625000001 0.06629531250000001 0.5536218749999999 0.057615625000000004
0 0.6309078125 0.297140625 0.748140625 0.30234843749999996 0.821953125 0.2173 0.6818578125 0.2122390625 0.6309078125 0.297140625
0 0.66738125 0.21035624999999997 0.5206234375000001 0.2034140625 0.49804531250000006 0.29540625 0.6204875000000001 0.29540625 0.66738125 0.21035624999999997
0 0.9990984375 0.30234843749999996 1 0.21556406250000001 0.8888140625000001 0.30148125000000003 0.990415625 0.30582031249999997 0.9990984375 0.30234843749999996
0 0.75855625 0.30234843749999996 0.707321875 0.3587578125 0.8019765624999999 0.3613625 0.870659375 0.3059890625 0.75855625 0.30234843749999996
0 0.6309046875 0.29974531249999997 0.5979062500000001 0.357890625 0.6960328125 0.3587578125 0.6977703125 0.36049375 0.74553125 0.303215625 0.6309046875 0.29974531249999997
0 0.9878109374999999 0.309290625 0.8818671874999999 0.3066875 0.810659375 0.3613625 0.90791875 0.3596265625 0.9878109374999999 0.309290625
0 0.7559515625000001 0.40128281250000003 0.8341062499999999 0.4047546875 0.8983671875000001 0.36396562499999996 0.8089234375000001 0.36396562499999996 0.7559515625000001 0.40128281250000003
0 0.6526140625 0.40214999999999995 0.6882171875 0.3622296875 0.5935640624999999 0.3613625 0.56664375 0.40128281250000003 0.6526140625 0.40214999999999995
0 0.618746875 0.3006125 0.501515625 0.2962734375 0.486753125 0.35441875 0.590959375 0.3552875 0.618746875 0.3006125
0 0.4772 0.399546875 0.5623015625 0.3986796875 0.58314375 0.3613625 0.48414843750000003 0.3596265625 0.4772 0.399546875
0 0.36865312499999997 0.29974531249999997 0.3738625 0.35355156249999997 0.47743125 0.35546875 0.4902265625 0.29974531249999997 0.36865312499999997 0.29974531249999997
0 0.265315625 0.3587578125 0.287025 0.39781093749999996 0.3738625 0.3986796875 0.36691562499999997 0.357021875 0.265315625 0.3587578125
0 0.3556265625 0.298009375 0.235790625 0.2988765625 0.265190625 0.3528640625 0.3651796875 0.35441875 0.3556265625 0.298009375
0 0.18281875 0.2060171875 0.2236328125 0.2928015625 0.3556265625 0.2945375 0.337390625 0.2034140625 0.18281875 0.2060171875
0 0.1046640625 0.05154062499999999 0.18281875 0.2034140625 0.3381078125 0.19921875 0.3113390625 0.052409375 0.1046640625 0.05154062499999999
0 0.101190625 0.297140625 0.15589843750000001 0.357890625 0.253471875 0.3515625 0.2253703125 0.2988765625 0.101190625 0.297140625
0 0.0377984375 0.2962734375 0.0473515625 0.3127625 0.055167187500000006 0.3309875 0.05777187499999999 0.3440046875 0.05777187499999999 0.35441875 0.06298125 0.3561546875 0.1388890625 0.3528640625 0.09250625 0.30234843749999996 0.0377984375 0.2962734375