0 0.7450795140625 0 0.7400875 0.29455737704918034 0.832646875 0.15866744730679158 0.832646875 0 0.7450795140625 0
0 0.7351484375 0.639791569086651 0.8319984375 0.4947213114754099 0.83359375 0.16601405152224827 0.7422953125 0.30300234192037473 0.7351484375 0.639791569086651
0 0.72779375 0.985943793911007 0.833225 0.8215901639344263 0.8326125 0.5039016393442622 0.7345359375 0.6563185011709601 0.72779375 0.985943793911007
0 0.83359375 1 0.83359375 0.8298548009367682 0.7266703125 0.9973138173302107 0.7266362328125 1 0.83359375 1
0 0.7096908921875 0 0.3814609375 0.45523887587822015 0.38084843749999997 0.8179180327868852 0.736375 0.2954754098360656 0.7391488828125 0 0.7096908921875 0
0 0.16796875 0 0.16796875 0.37994847775175644 0.37533125 0.06960421545667447 0.376401365625 0 0.16796875 0
0 0.16796875 0.3872927400468384 0.16796875 0.7628266978922716 0.3711109375 0.4625831381733021 0.3747875 0.10174004683840748 0.16796875 0.3872927400468384
0 0.25745947187499996 1 0.3729484375 0.826182669789227 0.373728125 0.47795784543325526 0.168828125 0.7646651053864169 0.16828156249999998 1 0.25745947187499996 1
0 0.485840559375 1 0.7266359375 0.6453021077283372 0.7297015625000001 0.3239391100702576 0.3803046875 0.8234285714285714 0.381711996875 1 0.485840559375 1
0 0.7100539828125 1 0.7180546875 0.9877822014051523 0.7211203125 0.6737658079625293 0.5013375203125 1 0.7100539828125 1
0 0.44618382968750003 0 0.3845265625 0.08521311475409837 0.3814609375 0.44513817330210775 0.6946145203125 0 0.44618382968750003 0