0 0.887412040656763 0.30236400937866353 0.9992181391712275 0.29813599062133644 0.9992181391712275 0.7076301289566237
0 0.8678655199374511 0.30676025791324735 0.5293776387802971 0.31084114888628367 0.49811102423768566 0.7564958968347011 0.9970774042220484 0.8034067995310669
0 0.517982799061767 0.3126219226260258 0.23364581704456608 0.3196365767878077 0.08382564503518374 0.7115392731535756 0.1659007036747459 0.7183804220398593 0.19325957779515246 0.7056752637749121 0.23234245504300235 0.6978569753810082 0.2766372165754496 0.6949249706916764 0.3000875684128225 0.6959021101992966 0.306601250977326 0.6998112543962485 0.31050977326035967 0.7174032825322392 0.3092071931196247 0.725221570926143 0.32093197810789675 0.7330398593200469 0.4785691946833464 0.7516090269636576
0 0.22452619233776386 0.3186594372801876 0 0.3225685814771395 0 0.7037209847596717 0.0642838154808444 0.7105621336459554
0 0.684408913213448 0.3010679953106682 0.6765926505082095 0.23167878077373977 0.8003565285379202 0.22972391559202812 0.8094761532447224 0.3000902696365768
0 0.6700781860828773 0.2326559202813599 0.5606442533229085 0.237542203985932 0.554130570758405 0.3088862837045721 0.6778952306489445 0.30302227432590856
0 0.5531665363565286 0.23788569753810085 0.447302580140735 0.24438335287221571 0.43687959343236904 0.30302227432590856 0.5476168881939015 0.3079091441969519
0 0.43784206411258797 0.24374736225087926 0.34438232994526974 0.24927022274325908 0.32223455824863173 0.30986342321219223 0.43297185301016416 0.3069314185228605
0 0.33424550430023453 0.24667819460726848 0.24537060203283817 0.253179366940211 0.22061767005473026 0.30986342321219223 0.3157208756841282 0.3079091441969519
0 0.24146207974980452 0.25220222743259085 0.14635887412040657 0.2580662368112544 0.11769820172009382 0.31181828839390385 0.21931508991399531 0.3137725674091442
0 0.1476622361219703 0.2580662368112544 0.05646677091477717 0.2609976553341149 0.026502736512900704 0.31475029308323565 0.12160594214229867 0.31279542790152404
0 0.0508209538702111 0.26279777256740916 0 0.26295252051582646 0 0.31475029308323565 0.023897576231430805 0.31670457209847597