0 0.1524628616106333 0.5705351699882767 0 0.5766699882766706 0 0.9994138335287222 0.15287333854573887 0.9994138335287222
0 0.19586473807662236 0.5688516998827667 0.8329265050820954 0.5248722157092615 0.9992181391712275 0.7760416178194607 0.9992181391712275 0.9994138335287222 0.20107584050039093 0.9994138335287222
0 0.8502736512900704 0.5221764361078546 0.9992181391712275 0.511189917936694 0.9992181391712275 0.7330398593200469 0.8420461297888976 0.5268270808909731
0 0.8242173573103987 0.3622274325908558 0.9679405785770133 0.35789449003517 0.9992181391712275 0.38746131301289566 0.9992181391712275 0.5029249706916764 0.950612197028929 0.5067479484173505
0 0.8136090695856137 0.36052813599062133 0.6917068021892103 0.3637567409144197 0.6866106333072712 0.41091090269636577 0.7440320562939796 0.49935638921453696 0.8075691946833464 0.496552754982415 0.812326035965598 0.5047092614302462 0.8133448006254886 0.5138851113716295 0.9444964816262705 0.5057286049237983
0 0.6440226739640345 0.36536928487690506 0.4698365910867866 0.36987397420867524 0.5261587177482409 0.5080175849941383 0.5805222830336201 0.5059783118405627 0.5815418295543393 0.4600984759671747 0.5951321344800625 0.4593341148886284 0.593773260359656 0.505468347010551 0.6620672400312744 0.504194021101993 0.6696223612197029 0.40581301289566235
0 0.4609233776387803 0.36808440797186404 0.2648756841282252 0.37139800703399767 0.2835629397967162 0.517957796014068 0.317539483971853 0.5164284876905041 0.31380218921032055 0.4715685814771395 0.3250148553557467 0.47054923798358733 0.33181000781860825 0.51668347010551 0.5146067240031275 0.5080175849941383
0 0.385903831118061 0.36549706916764363 0.377 0.33367467760844083 0.2652150117279124 0.3349495896834701 0.2689523064894449 0.3673200468933177
0 0.39466770914777166 0.3665550996483001 0.38549413604378424 0.33367467760844083 0.49184206411258796 0.3321453692848769 0.5067920250195466 0.365535756154748
0 0.5108694292415951 0.3657907385697538 0.4965989053948397 0.3331652989449003 0.5978506645817044 0.3316359906213364 0.6148389366692729 0.36273212192262605
0 0.7181837372947616 0.36092438452520514 0.6983119624706802 0.3312245017584994 0.6031344800625489 0.33180480656506445 0.6212415949960907 0.36280304806565067 0.6495629397967162 0.36268698710433767 0.6494081313526192 0.35978429073856977 0.6458483189992181 0.35873974208675263 0.6402767787333854 0.35757854630715125 0.6364081313526192 0.3568821805392732 0.6337771696637998 0.3561852286049238 0.633312744331509 0.35502461899179366 0.637645817044566 0.3542116060961313 0.6410508209538702 0.3542116060961313 0.6449202501954652 0.3542116060961313 0.646467552775606 0.35374736225087927 0.6529671618451915 0.34654923798358733 0.659157935887412 0.34550468933177025 0.6624073494917905 0.34515592028135994 0.6670508209538702 0.3462010550996483 0.6727763878029711 0.34863892145369285 0.6760265832681783 0.3503804220398593 0.6785027365129007 0.3529343493552169 0.6786575449569977 0.35490797186400935 0.6811336982017201 0.35595310668229774 0.686240813135262 0.35537280187573267 0.6910383111806099 0.3566494724501758 0.6941336982017201 0.35781066822977725 0.6958358092259578 0.3593200468933177 0.6984667709147773 0.35897186400937864 0.7012525410476935 0.3600164126611958 0.7037286942924159 0.36094548651817115 0.7187404222048476 0.36117760844079716
0 0.8173315089913995 0.35918405627198124 0.7937646598905395 0.3305281359906213 0.7050875684128225 0.33145662368112544 0.7255160281469898 0.36082942555685815
0 0.8237881157154027 0.35897186400937864 0.8004198592650508 0.33076025791324737 0.8867756059421422 0.3294830011723329 0.9126207974980454 0.35757854630715125
0 0.9170672400312745 0.3569982415005862 0.8912220484753715 0.3294830011723329 0.9727810789679436 0.32808968347010553 0.9992181391712275 0.35305099648300114 0.9992181391712275 0.35525674091441967