0 0.44120312500000003 0.45158750000000003 0.2008109375 0.7798375 0.267634375 0.9984375 0.7119703125 0.9984375 0.8221875000000001 0.8041515625000001
0 0.4602953125 0.429878125 0.653825 0.1589421875 0.9984375 0.2179921875 0.998359375 0.49413906250000006 0.8430156249999999 0.76246875
0 0.6341140625 0.1592875 0.4524859375 0.118128125 0.309290625 0.2944109375 0.44901406250000003 0.4125109375
0 0.4307890625 0.4402984375 0.298009375 0.31004062499999996 0.13485468750000001 0.5149796875 0.202546875 0.7511796875
0 0.2789171875 0.2944109375 0.21556406250000001 0.2327546875 0.0931984375 0.37690625 0.1227046875 0.48111249999999994
0 0.2161453125 0.22959999999999997 0.17477499999999999 0.19975625 0.075840625 0.30569999999999997 0.0931984375 0.37603906249999997
0 0.22858125 0.221465625 0.333590625 0.09555 0.4247140625 0.1155234375 0.2849921875 0.2779109375
0 0.328384375 0.09381406249999999 0.27110625 0.0807875 0.18171874999999998 0.1815203125 0.2190359375 0.221465625
0 0.6599 0.142475 0.770984375 0 0.9984375 0 0.9974921875 0.19284062500000002
0 0.64861875 0.1381328125 0.7544953125 0 0.5418734374999999 0.0009281249999999999 0.46376718749999996 0.10687187499999999
0 0.4386 0.10339687500000001 0.5219125 0.0009281249999999999 0.41516875000000003 0.000059375 0.3466078125 0.090371875