0 0.057775 0.0064140625000000005 0.0015625 0.056748437500000005 0.0015625 0.9984375 0.0395390625 0.9966234375 0.5295140625 0.2513015625 0.4033921875 0 0.057775 0.0064140625000000005
0 0.42944375 0.00120625 0.539728125 0.2337890625 0.7134046875 0 0.42944375 0.00120625
0 0.539728125 0.26416249999999997 0.057775 0.9940203125 0.4103390625 0.9984375 0.6621703125 0.5210453125 0.5438375 0.2760421875 0.539728125 0.26416249999999997
0 0.8584250000000001 0.129646875 0.8280312500000001 0 0.7047218749999999 0.015092187500000001 0.5484125 0.24940937500000002 0.66738125 0.507159375 0.8584250000000001 0.129646875
0 0.41902343750000004 0.9966234375 0.5944359375 0.9984375 0.7420609375 0.692878125 0.66564375 0.52885625 0.41902343750000004 0.9966234375
0 0.60659375 0.9984375 0.7073265625 0.9984375 0.792428125 0.7961515625 0.7437984375 0.6920109375 0.60659375 0.9984375
0 0.7108 0.9984375 0.7811390625 0.9984375 0.8315046875000001 0.88206875 0.7967703125 0.8004906249999999 0.7108 0.9984375
0 0.8957656249999999 0.3292515625 0.85755625 0.1530796875 0.6613015625 0.5210453125 0.748140625 0.6642390625 0.8957656249999999 0.3292515625
0 0.8236890625 0 0.8627671875 0.1218375 0.933975 0 0.8236890625 0
0 0.9991031250000001 0.1044796875 0.9991031250000001 0 0.93310625 0.002075 0.85929375 0.147871875 0.8992390625000001 0.3344578125 0.9991031250000001 0.1044796875
0 0.748140625 0.6737859375 0.7941640624999999 0.788340625 0.91834375 0.49414218749999994 0.8992390625000001 0.345740625 0.748140625 0.6737859375
0 0.9226859375 0.4698421875 0.9947609375 0.298009375 0.999971875 0.1070828125 0.901909375 0.33203125 0.9226859375 0.4698421875
0 0.9209484375000001 0.49327343749999997 0.8037171875 0.7935484374999999 0.8349781249999999 0.855165625 0.9365796874999999 0.57571875 0.9209484375000001 0.49327343749999997