0 0.31232812499999996 0.005671875 0.18649218750000002 0.0015625 0.0015625 0.5041249999999999 0.0015625 0.5961734375 0.378284375 0.6404609375 0.3860953125 0.628303125 0.7540609375 0.15850781249999998 0.31232812499999996 0.005671875
0 1 0.42597031249999995 0.9953218749999999 0.22276875000000002 0.780096875 0.16024531250000001 0.40865937499999994 0.63785625 0.7193484375 0.6760640625 1 0.42597031249999995
0 0.2880296875 0.821953125 0.4156015625 0.6482765625 0.163928125 0.6204875000000001 0.0623890625 0.81326875 0.2880296875 0.821953125
0 0.6386375 0.6708546875 0.4260171875 0.6474078125 0.3033859375 0.8211812500000001 0.48589843750000006 0.8332421875 0.6386375 0.6708546875
0 0.743646875 0.656959375 0.7158765625 0.6830109375 0.6438453125 0.674328125 0.5006515625 0.8315046875000001 0.6653640625 0.8420140625 0.8590703124999999 0.6691171875 0.743646875 0.656959375
0 1 0.7203515625 0.9987937499999999 0.6856171875 0.8668812499999999 0.6708546875 0.67595625 0.841925 0.8260921874999999 0.8532140625 1 0.7203515625
0 1 0.41381249999999997 0.9970578124999999 0.23318906250000002 0.77749375 0.16371875 0.4049484375 0.64149375 0.7150078125 0.6760640625 1 0.41381249999999997
0 0.7514578125 0.154165625 0.28195468749999997 0.0021984375 0.18475625 0.0015625 0.0015625 0.497178125 0.0025078125 0.5970421875 0.37890625 0.63368125 0.7514578125 0.154165625
0 0.285425 0.822821875 0.41820625 0.6456703125 0.16653125 0.622225 0.1682671875 0.62309375 0.061521875000000004 0.8158734375 0.285425 0.822821875
0 0.636034375 0.673459375 0.420809375 0.65175 0.30078125 0.8211812500000001 0.4902375 0.8315046875000001 0.636034375 0.673459375
0 0.8616734375 0.674328125 0.749721875 0.6543546874999999 0.72281875 0.6786703125 0.6464484374999999 0.6751968749999999 0.5032546875 0.8306359375 0.6742203124999999 0.8410578125000001 0.8616734375 0.674328125
0 1 0.7194843750000001 0.9953218749999999 0.686484375 0.8651453124999999 0.6708546875 0.6820296875 0.84279375 0.828696875 0.8532140625 1 0.7194843750000001
0 0.594378125 0.8436625 0.468540625 0.8332421875 0.41039531250000005 0.8922921875000001 0.5275546875 0.8992390625000001 0.594378125 0.8436625
0 0.4555234375 0.8349781249999999 0.321875 0.8245578124999999 0.2689359375 0.88795 0.40625 0.8914937500000001 0.4555234375 0.8349781249999999
0 0.252446875 0.8905546875000001 0.309725 0.8271625 0.15090937499999998 0.820215625 0.11067656249999999 0.890190625 0.252446875 0.8905546875000001
0 0.139628125 0.820215625 0.05197500000000001 0.81500625 0.0806140625 0.7455359374999999 0.0025078125 0.7385875000000001 0.0015625 0.8818718750000001 0.097103125 0.8862125000000001 0.139628125 0.820215625