0 0.283638427734375 0.3270276692708333 0.04751416015625 0.32817350260416667 0.024744140625 0.8531090494791668 0.30298583984375 0.8046988932291667 0.283638427734375 0.3270276692708333
0 0.493123779296875 0.320986328125 0.293828857421875 0.32600260416666665 0.311728271484375 0.7971005859375001 0.539537353515625 0.7525960286458333 0.493123779296875 0.320986328125
0 0.67370458984375 0.32163639322916665 0.501708984375 0.3244358723958333 0.5486943359375 0.7555758463541666 0.738263916015625 0.7240970052083333 0.67370458984375 0.32163639322916665
0 0.828007080078125 0.31707356770833334 0.6785751953125 0.3184560546875 0.746680908203125 0.714431640625 0.910206298828125 0.6840152994791667 0.828007080078125 0.31707356770833334
0 0.996989990234375 0.4483854166666667 0.9636015625 0.31638606770833333 0.83406640625 0.3174918619791667 0.91738330078125 0.6832447916666666 0.999755859375 0.6687376302083333 0.996989990234375 0.4483854166666667
0 0.969819091796875 0.31998046875 0.999755859375 0.4321031901041667 0.999755859375 0.320298828125 0.969819091796875 0.31998046875
0 0.4885185546875 0.09176790364583333 0.385447265625 0.08432486979166666 0.40285693359375 0.2859033203125 0.5139462890625 0.28673307291666666 0.4885185546875 0.09176790364583333
0 0.589405517578125 0.09870377604166668 0.494115966796875 0.09135319010416666 0.52038916015625 0.28645638020833336 0.620908447265625 0.2839677734375 0.589405517578125 0.09870377604166668
0 0.682696044921875 0.107294921875 0.594405029296875 0.09982910156250001 0.626737060546875 0.2839873046875 0.720416748046875 0.2839873046875 0.682696044921875 0.107294921875
0 0.76811181640625 0.11531412760416666 0.68566748046875 0.10835221354166667 0.72500244140625 0.28481673177083333 0.811428466796875 0.28619921875 0.76811181640625 0.11531412760416666
0 0.848038330078125 0.12139713541666668 0.77176806640625 0.11531412760416666 0.816120849609375 0.28619921875 0.895914794921875 0.2873053385416667 0.848038330078125 0.12139713541666668
0 0.921519775390625 0.12665104166666666 0.850845458984375 0.12139713541666668 0.89913623046875 0.28675227864583336 0.974162841796875 0.2884114583333333 0.921519775390625 0.12665104166666666
0 0.999755859375 0.16176822916666667 0.991189697265625 0.13384049479166668 0.92486767578125 0.12831022135416667 0.977096435546875 0.2884114583333333 0.999755859375 0.2884114583333333 0.999755859375 0.16176822916666667