0 0.5090282734375 0 0.36680322265625 0.03051953125 0.4268173828125 0.262927734375 0.671202880859375 0.2822291666666667 0.6456993833007812 0 0.5090282734375 0
0 0.429825439453125 0.271228515625 0.475415283203125 0.4385296223958333 0.689508544921875 0.502703125 0.6711201171875 0.2967646484375 0.429825439453125 0.271228515625
0 0.477091796875 0.44891569010416665 0.512192138671875 0.5762109375 0.706583251953125 0.6625533854166666 0.690202392578125 0.5137115885416667 0.477091796875 0.44891569010416665
0 0.511228759765625 0.5828375651041667 0.541088134765625 0.68647265625 0.71884228515625 0.7815660807291667 0.703080810546875 0.6660537109375 0.511228759765625 0.5828375651041667
0 0.541843505859375 0.6909902343750001 0.56403125 0.7756975911458334 0.726214111328125 0.8777685546875 0.716881103515625 0.7904801432291667 0.541843505859375 0.6909902343750001
0 0.56471728515625 0.7779973958333333 0.584458251953125 0.8496110026041667 0.7339521484375 0.9519169921875 0.725323486328125 0.8815231119791668 0.56471728515625 0.7779973958333333
0 0.7396555288085938 1 0.73588916015625 0.958345703125 0.586209228515625 0.8534586588541666 0.602409912109375 0.9141389973958334 0.7184950952148438 1 0.7396555288085938 1
0 0.7147261435546876 1 0.601947021484375 0.9154964192708334 0.614208251953125 0.965150390625 0.6577148891601563 1 0.7147261435546876 1
0 0.539344482421875 0.6858681640625001 0.532603759765625 0.6631637369791666 0.506076171875 0.64895703125 0.5208076171875 0.7015865885416667 0.546646728515625 0.7180533854166667 0.5376591796875 0.687365234375 0.539344482421875 0.6858681640625001
0 0.52118212890625 0.7033330078125001 0.53447607421875 0.7514860026041666 0.55919189453125 0.7679527994791666 0.545897705078125 0.7178037109375 0.52118212890625 0.7033330078125001
0 0.53522509765625 0.7519850260416666 0.54720849609375 0.7968948567708334 0.571924072265625 0.8121142578125 0.559004638671875 0.7684518229166667 0.53522509765625 0.7519850260416666
0 0.581473388671875 0.84754296875 0.572111328125 0.8133616536458333 0.547066162109375 0.7975693359374999 0.559004638671875 0.8360660807291667 0.58446923828125 0.854279296875 0.583345703125 0.8477923177083334 0.581473388671875 0.84754296875
0 0.558630126953125 0.8365647786458333 0.568740966796875 0.871744140625 0.594018310546875 0.8907060546875 0.584281982421875 0.8545286458333333 0.558630126953125 0.8365647786458333
0 0.600197265625 0.9129114583333333 0.594767333984375 0.8917041015625 0.568122802734375 0.8724368489583334 0.5784775390625 0.9051767578125 0.603005859375 0.9241386718750001 0.599448486328125 0.9129114583333333 0.600197265625 0.9129114583333333
0 0.57822998046875 0.9065016276041667 0.587090576171875 0.935865234375 0.610308349609375 0.9550764973958333 0.602257080078125 0.9238893229166667 0.57822998046875 0.9065016276041667
0 0.6121806640625 0.9635595703125 0.61012109375 0.9558248697916666 0.586652587890625 0.9356998697916666 0.594767333984375 0.9640582682291666 0.618546875 0.9837688802083333 0.614052978515625 0.9645572916666666 0.6121806640625 0.9635595703125
0 0.6226181870117188 1 0.6184384765625 0.9838251953125 0.5951396484375 0.9646826171875 0.6015859375 0.9887337239583333 0.6141700556640625 1 0.6226181870117188 1
0 0.4834130859375 0.5629599609375 0.479479736328125 0.5731246744791666 0.47530810546875 0.5823365885416667 0.515475830078125 0.6009189453125 0.503198974609375 0.5548600260416666 0.487147216796875 0.5475787760416667 0.48675048828125 0.5494599609375 0.485439453125 0.5556539713541667 0.4834130859375 0.5629599609375
0 0.475665771484375 0.582177734375 0.474636962890625 0.5840377604166667 0.486154541015625 0.6228365885416667 0.5282294921875 0.6469778645833334 0.51595263671875 0.6020305989583333 0.475665771484375 0.582177734375
0 0.5057021484375 0.6434837239583333 0.525607177734375 0.6544427083333334 0.524653564453125 0.6503131510416666 0.52524951171875 0.6477721354166667 0.527990966796875 0.6485660807291667 0.528110107421875 0.6469778645833334 0.486789794921875 0.6257392578125 0.4970009765625 0.6631780598958333 0.509992919921875 0.6708014322916668 0.504033447265625 0.6468190104166667 0.5057021484375 0.6434837239583333
0 0.49715576171875 0.6641044921875 0.507370849609375 0.6989134114583333 0.521435546875 0.7081253255208333 0.510827392578125 0.6709602864583334 0.49715576171875 0.6641044921875
0 0.5080859375 0.7008502604166668 0.5173828125 0.7321383463541666 0.531328369140625 0.7418268229166666 0.5215546875 0.7086324869791666 0.5080859375 0.7008502604166668
0 0.51821728515625 0.7342031250000001 0.52644140625 0.7642210286458333 0.539314208984375 0.7724798177083333 0.530255615234375 0.7408736979166667 0.51821728515625 0.7342031250000001
0 0.527633544921875 0.7653326822916666 0.527001953125 0.7651412760416667 0.534904052734375 0.792173828125 0.54765771484375 0.8017034505208334 0.53883740234375 0.772162109375 0.527633544921875 0.7653326822916666
0 0.53522314453125 0.7942132161458333 0.5422939453125 0.8193326822916666 0.5554052734375 0.8296562500000001 0.547061767578125 0.8004329427083333 0.53522314453125 0.7942132161458333