0 0.34546875 0.351425 0.3947453125 0.3552984375 0.320959375 0.2244140625 0.269103125 0.21667031250000002 0.34546875 0.351425
0 0.3759125 0.23319218749999998 0.3243140625 0.22493124999999997 0.39913125 0.35736249999999997 0.44789218750000004 0.3622671875 0.3759125 0.23319218749999998
0 0.49824335 0.37047338281250003 0.42678593749999993 0.24188749999999998 0.3793078125 0.2345640625 0.45230781249999996 0.3650671875 0.49824335 0.37047338281250003
0 0.4780171875 0.2507125 0.43091406250000003 0.2432015625 0.5025999999999999 0.3716390625 0.5491390625 0.3774609375 0.4780171875 0.2507125
0 0.42078125 0.48819375000000004 0.4718234375 0.4927015625 0.395821875 0.3606953125 0.3447796875 0.3541234375 0.42078125 0.48819375000000004
0 0.47257499999999997 0.493640625 0.5224921874999999 0.4996484375 0.4493046875 0.3672671875 0.399246875 0.3613296875 0.47257499999999997 0.493640625
0 0.5266203125 0.5005875 0.5744734375 0.5039671875 0.502975 0.3755296875 0.45212031250000007 0.36895781250000004 0.5266203125 0.5005875
0 0.5775921875 0.5039671875 0.6267578125 0.5094125 0.553571875 0.3845421875 0.5044046875 0.37646875 0.5775921875 0.5039671875
0 0.6282859375000001 0.5109015625 0.6765140625 0.51371875 0.602925 0.391678125 0.5538203125 0.3847 0.6282859375000001 0.5109015625
0 0.49636250000000004 0.630846875 0.5498453125 0.634228125 0.4761109375 0.49985625 0.42298749999999996 0.49208125 0.49636250000000004 0.630846875
0 0.4772966046875 0.4998625546875 0.5504078125 0.634790625 0.6025765625 0.639109375 0.525825 0.5050390625000001 0.4772966046875 0.4998625546875
0 0.6031390625 0.639109375 0.6538078125 0.6424890624999999 0.5796828125 0.5121734375 0.5293249999999999 0.50633125 0.6031390625 0.639109375
0 0.656246875 0.6424890624999999 0.7063515625 0.6501890625 0.6309125 0.5181828125 0.5804328125 0.5138640624999999 0.656246875 0.6424890624999999
0 0.7050375 0.6468078125 0.7570187500000001 0.655821875 0.6802671874999999 0.523253125 0.6299750000000001 0.5178078125 0.7050375 0.6468078125
0 0.5493750000000001 0.2899375 0.603553125 0.386815625 0.648253125 0.3909390625 0.57965625 0.2668515625 0.578215625 0.2666453125 0.5481390625 0.2627296875 0.5493750000000001 0.2899375
0 0.6503140625 0.39320625 0.6974859375 0.3993890625 0.6288890625 0.275096875 0.5806875 0.2672640625 0.6503140625 0.39320625
0 0.6993406249999999 0.398153125 0.744659375 0.40639843750000004 0.6756515624999999 0.281075 0.63115625 0.275096875 0.6993406249999999 0.398153125
0 0.6779171875000001 0.515790625 0.72715 0.52259375 0.6521671875 0.399125 0.6045828125 0.3923234375 0.6779171875000001 0.515790625
0 0.7306515625000001 0.5145546875 0.775559375 0.5203265625 0.7001640625000001 0.40881249999999997 0.655875 0.40221718749999996 0.7306515625000001 0.5145546875
0 0.7745124999999999 0.51849375 0.776340625 0.51849375 0.808925 0.5148375 0.7487796875 0.413965625 0.7028234375 0.40807343749999997 0.7745124999999999 0.51849375