0 0.7416666666666667 0.5018525 0.80255 0.3807425 0.92968 0.37889 0.9068449999999999 0.5113475
0 0.9056116666666666 0.52061 0.7383683333333334 0.50579 0.6167916666666666 0.7410625000000001 0.86056 0.8160925
0 0.7240733333333333 0.50463 0.5939583333333334 0.49560000000000004 0.44214333333333333 0.683635 0.6013633333333334 0.7373575
0 0.7314816666666667 0.499075 0.7889733333333333 0.3807425 0.687145 0.382595 0.6025983333333333 0.48819
0 0.682825 0.3816675 0.5951933333333334 0.4891175 0.49583499999999997 0.4826325 0.592725 0.38351999999999997
0 0.5902550000000001 0.4937475 0.489045 0.48356 0.31563166666666664 0.6456575 0.4304183333333333 0.6817825000000001
0 0.30463 0.649075 0.21812333333333334 0.6169425 0.40017833333333336 0.477075 0.47855499999999995 0.48541249999999997
0 0.48425999999999997 0.47963 0.58285 0.3881525 0.5112633333333333 0.38630000000000003 0.405115 0.4724425
0 0.3927733333333333 0.4789275 0.32180333333333333 0.47337 0.14283333333333334 0.59286 0.21257 0.61509 0.39338999999999996 0.4789275
0 0.319445 0.47129750000000004 0.254535 0.46873750000000003 0.08790833333333332 0.5761875 0.13913166666666665 0.5910075
0 0.24898 0.466885 0.20207833333333333 0.46318 0.03607 0.5595125 0.082355 0.5724825
0 0.32982500000000003 0.46966500000000005 0.4415266666666667 0.387225 0.5038566666666667 0.38908000000000004 0.39709333333333335 0.477075