0 0.712971875 0.8885781250000001 0.682578125 0.74104375 0.576634375 0.8148109375000001 0.5861875000000001 0.9389125 0.712971875 0.8885781250000001
0 0.565346875 0.7150078125 0.5748984375 0.8113390624999999 0.680840625 0.7219515624999999 0.6565265625000001 0.6152062500000001 0.565346875 0.7150078125
0 0.5601359375 0.6412421875 0.5679515625 0.71066875 0.6547890625 0.61 0.6408953125 0.5266859375 0.5601359375 0.6412421875
0 0.55753125 0.570078125 0.563609375 0.6290921875000001 0.638290625 0.52495 0.6270015625 0.46767343749999996 0.55753125 0.570078125
0 0.7668109375000001 0.3444390625 0.732075 0.28629375 0.6348171875 0.44944843749999996 0.6478421875 0.5119328125 0.7668109375000001 0.3444390625
0 0.9984375 0.019865625 0.9984375 0.0015625 0.9222515625 0.0015625 0.7451015625 0.2732765625 0.77723125 0.334025 0.9984375 0.019865625
0 0.9978015625 0.2099234375 0.9960640625 0.030279687500000003 0.785590625 0.3346359375 0.8328078124999999 0.41299843750000004 0.9978015625 0.2099234375
0 0.6643421875 0.5995859375 0.8197828125 0.42167656249999996 0.77256875 0.35546875 0.6435 0.523215625 0.6643421875 0.5995859375
0 0.6921296875 0.714140625 0.8944640625 0.543175 0.82325625 0.43903437500000003 0.6643421875 0.6134703125 0.6921296875 0.714140625
0 0.9984375 0.4555234375 0.9978015625 0.22554375000000002 0.8376734375 0.4205734375 0.9066203125 0.5275546875 0.9984375 0.4555234375
0 0.9984375 0.46940781249999997 0.9170406249999999 0.546646875 0.9984375 0.666409375 0.9984375 0.46940781249999997
0 0.7233921875 0.87903125 0.9984375 0.75319375 0.9984375 0.720215625 0.8970687500000001 0.552721875 0.6929984375 0.7306296875 0.7233921875 0.87903125