0 0.198453125 0.6460140625 0.1949796875 0.8282624999999999 0.37039374999999997 0.8681828125 0.369525 0.866446875 0.3729984375 0.6937453125 0.198453125 0.6460140625
0 0.5362546874999999 0.7388734375 0.377340625 0.69635 0.375603125 0.867315625 0.5405968750000001 0.9046328125 0.5362546874999999 0.7388734375
0 0.688221875 0.7796624999999999 0.539728125 0.7371390625 0.5432015625 0.9011609375 0.6934328125 0.9384781249999999 0.688221875 0.7796624999999999
0 0.8289 0.8161125 0.6925640625 0.78053125 0.69618125 0.9348953124999999 0.8375843749999999 0.9688531250000001 0.8289 0.8161125
0 0.6838796874999999 0.6130359375000001 0.6925640625 0.7735875 0.8254265625 0.8083015625 0.8176109374999999 0.6564281249999999 0.6838796874999999 0.6130359375000001
0 0.5414656250000001 0.5679093749999999 0.5432015625 0.7319312499999999 0.6856171875 0.7735875 0.6857640625 0.7708328125 0.6795375 0.6165078125 0.5414656250000001 0.5679093749999999
0 0.378209375 0.5201765625 0.375603125 0.68940625 0.5353859375 0.7327984375 0.53365 0.5661734375 0.378209375 0.5201765625
0 0.1975859375 0.46116406249999997 0.1958484375 0.639071875 0.3729984375 0.690275 0.37212968750000003 0.5158375000000001 0.1975859375 0.46116406249999997
0 0.1975859375 0.27197343749999997 0.1967171875 0.45508906250000003 0.3732640625 0.5065109375 0.37386718750000003 0.3327234375 0.1975859375 0.27197343749999997
0 0.20800625 0.0836515625 0.2027953125 0.26416249999999997 0.370659375 0.32421875 0.37212968750000003 0.1522109375 0.20800625 0.0836515625
0 0.5284390625000001 0.219903125 0.3868921875 0.1591546875 0.3810765625 0.3268234375 0.5284390625000001 0.3856609375 0.5284390625000001 0.219903125
0 0.3790765625 0.5054234375 0.53365 0.5592296875 0.5293078125 0.3952078125 0.37994531249999997 0.33619374999999996 0.3790765625 0.5054234375
0 0.674328125 0.44554218749999996 0.5379921875 0.3943390625 0.5414656250000001 0.5600984375 0.6769328125 0.60609375 0.674328125 0.44554218749999996
0 0.5301765625 0.219903125 0.5371234375 0.39086875 0.67274375 0.44140625 0.671721875 0.28325625 0.5301765625 0.219903125
0 0.6786703125 0.444675 0.805453125 0.49153906249999996 0.8002437499999999 0.3387984375 0.673459375 0.2841234375 0.6786703125 0.444675
0 0.6795375 0.44901406250000003 0.6856171875 0.6069609375 0.8141375 0.6546937500000001 0.8071906249999999 0.5002171875 0.6795375 0.44901406250000003
0 0.674328125 0.0090171875 0.6856171875 0.21035624999999997 0.8289 0.2849921875 0.8254265625 0.09232968750000001 0.674328125 0.0090171875
0 0.659565625 0.002075 0.4841515625 0.00120625 0.48936250000000003 0.1287796875 0.6779515625 0.20703125 0.6691171875 0.0124890625 0.659565625 0.002075
0 0.2987421875 0 0.3000546875 0.040259375 0.48784687499999996 0.1276046875 0.48805 0 0.2987421875 0
0 0.674753125 0.0003390625 0.8275874999999999 0.0836515625 0.8275874999999999 0.0003390625 0.674753125 0.0003390625