0 0.061087499999999996 0.5861875000000001 0.1851890625 0.576634375 0.25895625 0.682578125 0.111421875 0.712971875
0 0.27804843749999997 0.680840625 0.38479375 0.6565265625000001 0.2849921875 0.565346875 0.1886609375 0.5748984375
0 0.39 0.6547890625 0.47331406249999997 0.6408953125 0.3587578125 0.5601359375 0.28933125 0.5679515625
0 0.47505 0.638290625 0.5323265625 0.6270015625 0.42992187499999995 0.55753125 0.3709078125 0.563609375
0 0.5505515625 0.6348171875 0.4880671875 0.6478421875 0.6555609375 0.7668109375000001 0.71370625 0.732075
0 0.7267234375 0.7451015625 0.665975 0.77723125 0.9801343749999999 0.9984375 0.9984375 0.9984375 0.9984375 0.9222515625
0 0.6653640625 0.785590625 0.5870015625 0.8328078124999999 0.7900765625 0.9978015625 0.9697203125 0.9960640625
0 0.64453125 0.77256875 0.476784375 0.6435 0.4004140625 0.6643421875 0.5783234375 0.8197828125
0 0.5609656249999999 0.82325625 0.3865296875 0.6643421875 0.28585937499999997 0.6921296875 0.456825 0.8944640625
0 0.5794265625 0.8376734375 0.4724453125 0.9066203125 0.5444765625 0.9984375 0.77445625 0.9978015625
0 0.453353125 0.9170406249999999 0.333590625 0.9984375 0.5305921875 0.9984375
0 0.44727812499999997 0.8970687500000001 0.2693703125 0.6929984375 0.12096875 0.7233921875 0.24680624999999998 0.9984375 0.27978437500000003 0.9984375