0 0.20125 0.5010718749999999 0.35236875 0.7296109375000001 0.4611953125 0.6813625 0.4571546875 0.6776203125 0.30307343750000004 0.4743875 0.20125 0.5010718749999999
0 0.3978921875 0.4474171875 0.308190625 0.4738328125 0.462271875 0.6786671875 0.5549359375 0.6376968749999999 0.3978921875 0.4474171875
0 0.480859375 0.4250453125 0.40112500000000006 0.446878125 0.55816875 0.6369046875000001 0.55854375 0.6346609375 0.6387109375 0.5999765625 0.480859375 0.4250453125
0 0.4840140625 0.42480624999999994 0.6429437499999999 0.5973124999999999 0.71055625 0.5676625 0.5529734375 0.40540000000000004 0.4840140625 0.42480624999999994
0 0.585028125 0.396775 0.7415328125 0.55445625 0.7999875000000001 0.5285796875 0.6486 0.3789859375 0.585028125 0.396775
0 0.706784375 0.36496875 0.6491390625 0.379525 0.8034625 0.52675 0.8587109375 0.5018953125000001 0.706784375 0.36496875
0 0.7052265625 0.3625640625 0.8593078125 0.49949062499999997 0.908871875 0.47819687499999997 0.757753125 0.34935625 0.7052265625 0.3625640625
0 0.7596390625 0.348278125 0.9112953125000001 0.4779265625 0.9535875 0.45932968750000003 0.8043546875 0.3356109375 0.7596390625 0.348278125
0 0.3704015625 0.449625 0.4415171875 0.43210625 0.367378125 0.3468921875 0.29874999999999996 0.35879062500000003 0.3704015625 0.449625
0 0.2939 0.47065 0.3704015625 0.4488171875 0.2984796875 0.36418125 0.29659375 0.3633734375 0.2238640625 0.3763109375 0.2939 0.47065
0 0.2060859375 0.4946390625 0.2914765625 0.4701109375 0.22063125 0.37711875 0.22036250000000002 0.37685 0.1347015625 0.3935609375 0.2060859375 0.4946390625
0 0.1385984375 0.578465625 0.1983984375 0.5625625000000001 0.1965125 0.519975 0.1916640625 0.5140453125 0.191125 0.50919375 0.1916640625 0.5032640625 0.19381874999999998 0.4992203125 0.194896875 0.49760312500000003 0.197590625 0.49571718750000004 0.19920625 0.49275156249999996 0.132159375 0.3929671875 0.0416234375 0.4113515625 0.1385984375 0.578465625
0 0.4697265625 0.42389374999999996 0.5306046875 0.40718125 0.457065625 0.3303625 0.3969953125 0.3414140625 0.4697265625 0.42389374999999996
0 0.5295265625 0.40448593749999995 0.554578125 0.4001734375 0.576128125 0.423084375 0.577475 0.423084375 0.577475 0.41958124999999996 0.5755890625 0.40987656250000004 0.576128125 0.403678125 0.577475 0.3964 0.58851875 0.3923578125 0.5149812500000001 0.31823437499999996 0.4587171875 0.3287140625 0.5295265625 0.40448593749999995
0 0.5890578125 0.39127968750000003 0.63943125 0.37753281250000004 0.5675078124999999 0.3074515625 0.5174046875 0.31742499999999996 0.5890578125 0.39127968750000003
0 0.6429328125 0.378071875 0.6935749999999999 0.367290625 0.6157265625 0.297209375 0.5710734375000001 0.3068890625 0.6429328125 0.378071875