0 0.7905109375 0.0039359375 0.37655 0.0015625 0.5674750000000001 0.33913125 0.84765625 0.21961875000000003 0.7905109375 0.0039359375
0 0.37307812500000004 0.0015625 0.05544687499999999 0.0015625 0.3860953125 0.4242328125 0.5638015625 0.343315625 0.37307812500000004 0.0015625
0 0.05023593750000001 0.0015625 0.0015625 0.0015625 0.0016406250000000002 0.2271109375 0.2552078125 0.48003437499999996 0.3860953125 0.43117968749999996 0.05023593750000001 0.0015625
0 0.752321875 0.6543546874999999 0.961471875 0.627434375 0.8489578124999999 0.23654531250000002 0.5770171875 0.35215625 0.752321875 0.6543546874999999
0 0.9970531250000001 0.833240625 1 0.7655062499999999 0.96494375 0.6369859375 0.75390625 0.661025 0.8495203124999999 0.833240625 0.9970531250000001 0.833240625
0 0.706325 0.8280312500000001 0.8408421875000001 0.8315046875000001 0.74609375 0.659721875 0.5856953125000001 0.6751953125 0.706325 0.8280312500000001
0 0.5700734375 0.3573671875 0.393034375 0.434653125 0.5846359375 0.6701390625 0.7401718749999999 0.6526171875 0.5700734375 0.3573671875
0 0.46159375 0.6908265625000001 0.5796203125 0.672590625 0.386090625 0.43552187499999995 0.26632812499999997 0.4884921875 0.46159375 0.6908265625000001
0 0.362659375 0.70645625 0.45551875 0.6908265625000001 0.2591140625 0.49305625 0.16999843750000002 0.5327796874999999 0.362659375 0.70645625
0 0.70025 0.8297671875000001 0.5830921874999999 0.67866875 0.4694046875 0.6969046875 0.590903125 0.8288984375 0.70025 0.8297671875000001
0 0.4989109375 0.8271625 0.5891671875 0.8280312500000001 0.4583328125 0.69618125 0.3652625 0.7099296875000001 0.4989109375 0.8271625