0 0.02260625 0.4156015625 0.09555 0.432959375 0.10249843750000001 0.15438125 0.026079687499999997 0.163928125 0.02260625 0.4156015625
0 0.1910734375 0.45899375 0.2023625 0.1404953125 0.10597187500000001 0.156984375 0.099025 0.4346953125 0.1910734375 0.45899375
0 0.32480312499999997 0.5032546875 0.343040625 0.12140312499999999 0.209309375 0.1344203125 0.1962828125 0.47027656249999994 0.32480312499999997 0.5032546875
0 0.5036906250000001 0.5674750000000001 0.5557937500000001 0.0936328125 0.3532984375 0.12239531249999999 0.32480312499999997 0.5041218749999999 0.5036906250000001 0.5674750000000001
0 0.8024140624999999 0.6594671875 0.903146875 0.047635937499999996 0.5696875 0.0927640625 0.5210578124999999 0.57355 0.8024140624999999 0.6594671875
0 0.9984375 0.7176125 0.9977515625000001 0.03461875 0.9239390625 0.05197500000000001 0.8188656249999999 0.6681453125 0.9984375 0.7176125
0 0.9984375 0.9970578124999999 0.9984375 0.74711875 0.8188656249999999 0.6802953125 0.76589375 1 0.9984375 0.9970578124999999
0 0.469775 0.9840406249999999 0.49495781250000004 0.9987937499999999 0.7467890625 0.9979250000000001 0.7980234375 0.6750875 0.51493125 0.5804921875 0.469775 0.9840406249999999
0 0.2960984375 0.8599390625 0.46369531249999996 0.9788328125 0.5027734374999999 0.5813609375000001 0.32301875 0.5206109375 0.2960984375 0.8599390625
0 0.462828125 1 0.462828125 0.9849078125 0.29870312499999996 0.8608062500000001 0.285678125 1 0.462828125 1
0 0.180603125 0.762740625 0.2960984375 0.8451859374999999 0.3181421875 0.5143234375 0.1979703125 0.4824265625 0.180603125 0.762740625
0 0.2787296875 0.9996609375000001 0.2908875 0.8608062500000001 0.1814234375 0.7786453125 0.164971875 0.9970578124999999 0.2787296875 0.9996609375000001