0 0.3171513279044517 0.5785230991210938 0.32389553420195444 0.7195618491210938 0.8920608034744842 0.7030314321289063 0.832598016286645 0.5382776821289063 0.3171513279044517 0.5785230991210938
0 0.32044606623235616 0.5706868491210938 0.834632674267101 0.5314076821289062 0.783156568946797 0.39696434912109374 0.31309035070575464 0.450289765625 0.32044606623235616 0.5706868491210938
0 0.7785294820846906 0.390549765625 0.7337688599348534 0.27687518212890627 0.3035489543973941 0.34327559912109373 0.30937219001085775 0.44578934912109375 0.7785294820846906 0.390549765625
0 0.3049980456026059 0.33729559912109375 0.7125374451682953 0.27527018212890625 0.29930174484256244 0.27527018212890625 0.3049980456026059 0.33729559912109375
0 0.04840043431053203 0.5846489321289062 0.041138298588490774 0.6573605991210938 0.27691216829533116 0.6428526821289062 0.27374807057546147 0.563771015625 0.04840043431053203 0.5846489321289062
0 0.053164647122692726 0.5133455991210938 0.046027592833876224 0.5808076821289062 0.2731152519001086 0.5595714321289063 0.26963335504885994 0.4883126821289063 0.053164647122692726 0.5133455991210938
0 0.06202597176981542 0.447776015625 0.05411341259500543 0.5095051821289063 0.26963335504885994 0.484472265625 0.26710207709011946 0.41847643212890623 0.06202597176981542 0.447776015625
0 0.06975415092290987 0.3881064321289063 0.0634500466883822 0.4453276821289063 0.2672605135722041 0.41503184912109375 0.26662769489685123 0.35529393212890625 0.06975415092290987 0.3881064321289063
0 0.07610921498371336 0.332881015625 0.07165260912052117 0.385972265625 0.2672605135722041 0.352082265625 0.26567800217155263 0.29575809912109374 0.07610921498371336 0.332881015625
0 0.08180551574375677 0.2813155991210938 0.07674203365906623 0.330386015625 0.26504518241042346 0.29354768212890625 0.26504518241042346 0.27527018212890625 0.11282015200868621 0.27527018212890625 0.08180551574375677 0.2813155991210938
0 0 0.35481246875 0.05086963409337676 0.34593934912109375 0.053680724212812156 0.31797518212890624 0 0.3283618056640625 0 0.35481246875
0 0 0.3268198701171875 0.054298718783930514 0.3163289321289062 0.0584773648208469 0.29007184912109374 0 0.301310423828125 0 0.3268198701171875