0 0.8429429687500001 0.946978898007034 0.7642585937499999 0.7202426729191089 0.57899296875 0.685641266119578 0.6473890625000001 0.8644501758499413 0.8429429687500001 0.946978898007034
0 0.65896015625 0.42227080890973034 0.48365546875 0.44920164126611956 0.566840625 0.6556811254396249 0.74921640625 0.6828874560375147 0.65896015625 0.42227080890973034
0 0.5328335937500001 0.08086283704572099 0.38067109375 0.19727198124267292 0.47034843750000005 0.41445252051582654 0.641025 0.37622860492379834 0.5328335937500001 0.08086283704572099
0 0.5733328125 0.6828874560375147 0.45299218750000003 0.6585638921453693 0.5173609375 0.8093868698710435 0.6473890625000001 0.8618440797186401 0.5733328125 0.6828874560375147
0 0.4807625 0.4500703399765534 0.3708359375 0.46831301289566235 0.44444453125 0.6309320046893317 0.5629187499999999 0.6533505275498241 0.4807625 0.4500703399765534
0 0.37604296875 0.19553458382180539 0.290415625 0.2624255568581477 0.36157890625 0.4413821805392732 0.46614609375000005 0.41730715123094964 0.37604296875 0.19553458382180539
0 0.28578749999999997 0.2606881594372802 0.22619531249999997 0.30933645955451344 0.2890625 0.4550820633059789 0.35984296875 0.44225205158264946 0.28578749999999997 0.2606881594372802
0 0.2227234375 0.30759906213364596 0.1810671875 0.3397420867526378 0.23611093749999998 0.46680539273153576 0.28694453124999997 0.45701992966002347 0.2227234375 0.30759906213364596
0 0.43737031249999997 0.6290269636576787 0.36967890625 0.4665756154747948 0.29909375 0.4752626025791325 0.360421875 0.6186025791324736 0.43737031249999997 0.6290269636576787
0 0.29504453124999996 0.4796060961313013 0.24760234374999998 0.486556858147714 0.2967796875 0.6073083235638921 0.355034375 0.6153012895662368 0.29504453124999996 0.4796060961313013
0 0.5160554687500001 0.8062461899179366 0.45009921875 0.6550890973036343 0.36805546875 0.6387479484173505 0.4286921875 0.7706283704572099 0.5160554687500001 0.8062461899179366
0 0.36794296875 0.6420574443141852 0.30777265625 0.6290269636576787 0.35695078125 0.7393552168815943 0.42290625000000004 0.7680222743259086 0.36794296875 0.6420574443141852