0 0.9497609375 0.313515625 0.950628125 0.10423437499999999 0.7996234375 0.1832578125 0.80309375 0.34043437499999996
0 0.7918125 0.1884671875 0.70155625 0.2336234375 0.7093671875 0.3543296875 0.7961515625 0.34043437499999996
0 0.7032921875 0.09381406249999999 0.7032921875 0.046053125 0.678125 0.059946875 0.6642390625 0.06689375 0.6520890625 0.06863125 0.6468828125 0.0694984375 0.64775 0.141575
0 0.69921875 0.1032984375 0.7006890625 0.223203125 0.6468828125 0.253596875 0.6460140625 0.1511265625
0 0.7005203125 0.238715625 0.645146875 0.265753125 0.6468828125 0.3673546875 0.7041609375 0.3534609375
0 0.6458328125 0.26475624999999997 0.60001875 0.28833125000000004 0.6043578125 0.3743015625 0.645146875 0.3673546875
0 0.7067640625 0.370828125 0.6460140625 0.37690625 0.645146875 0.48285 0.7024250000000001 0.488928125
0 0.94195 0.554925 0.7987546875 0.5210578124999999 0.7970203125 0.67563125 0.93500625 0.7598640624999999
0 0.9309890624999999 0.7712671875 0.7926796875 0.6869203125000001 0.7874734375 0.8328078124999999 0.9254609374999999 0.9578546875
0 0.788340625 0.6843140625 0.7067640625 0.6348171875 0.70155625 0.7511796875 0.7848703125000001 0.8275984375000001
0 0.7918125 0.6747625 0.7909453125 0.518453125 0.705028125 0.5019546874999999 0.705028125 0.622659375
0 0.7067640625 0.504559375 0.6442796875 0.4871921875 0.6460140625 0.594871875 0.7024250000000001 0.6252640625
0 0.7018234375 0.629340625 0.6460140625 0.594003125 0.645146875 0.698209375 0.698953125 0.74944375
0 0.6442796875 0.592265625 0.6052265625000001 0.5722937499999999 0.5991515625 0.6565265625000001 0.6408078125000001 0.6938671875
0 0.6419265625 0.5798609375 0.641675 0.4863234375 0.6008875 0.4793765625 0.603490625 0.563609375
0 0.64254375 0.7060234375000001 0.6442796875 0.807625 0.6911421875 0.8632015624999999 0.6937453125 0.7468375
0 0.640625 0.8142359375 0.6399390625 0.9109624999999999 0.6911421875 0.9891171875 0.6972171875 0.874490625 0.6434109375 0.8110984374999999
0 0.7900765625 0.9984375 0.698953125 0.888384375 0.692878125 0.9978015625
0 0.6373359375 0.9066203125 0.6364687499999999 0.9984375 0.69635 0.9984375
0 0.63671875 0.9053812499999999 0.597415625 0.8432281250000001 0.596546875 0.9257250000000001 0.6312609375 0.9925906250000001
0 0.632996875 0.8840421875000001 0.60001875 0.8345453125000001 0.6043578125 0.754653125 0.639071875 0.80849375