0 0.1130515625 0.13133021077283374 0.0333546875 0 0 0 0 0.13096252927400467
0 0.12432499999999999 0.1310655737704918 0.042543750000000005 0.0014192037470725995 0.2722671875 0.0014192037470725995 0.36293125000000004 0.14014988290398125
0 0.368565625 0.1368407494145199 0.27716875 0 0.496478125 0.002391100702576112 0.5932671875 0.14755269320843092
0 0.60429375 0.14847072599531616 0.502603125 0.0014707259953161593 0.7145609375 0.0005526932084309133 0.8242156250000001 0.158576112412178
0 0.8318015624999999 0.1602599531615925 0.720075 0 0.9154937500000001 0 0.99696875 0.11723419203747072 0.9984375 0.16500936768149885
0 0.1387875 0.1409742388758782 0.36354375 0.1457142857142857 0.7121109375 0.6785878220140515 0.4701359375 0.6776697892271663
0 0.212315625 0.6685948477751756 0 0.3267072599531616 0 0.6730749414519906
0 0.2128453125 0.6868571428571428 0 0.6795058548009367 0 0.7355503512880561 0.160775 0.9976580796252927 0.419903125 0.9976580796252927
0 0.2342859375 0.687672131147541 0.47503593750000006 0.6931826697892272 0.6753546874999999 0.9976580796252927 0.42480312500000006 0.9976580796252927
0 0.48529375 0.6892599531615926 0.717625 0.6904285714285714 0.9234562499999999 0.9976580796252927 0.67658125 0.9963700234192037
0 0.7316171875 0.6906370023419204 0.9534734374999999 0.6858337236533958 0.99758125 0.7611709601873536 0.9984375 0.9976580796252927 0.9301953125000001 0.997288056206089 0.9301953125000001 0.9976580796252927
0 0.9347421875 0.6754824355971897 0.59694375 0.16031147540983606 0.382534375 0.15571662763466043 0.7157875 0.6794028103044497
0 0.9516359375000001 0.6766463700234192 0.6159343749999999 0.1685784543325527 0.8254421875 0.17317330210772833 0.9984375 0.4276651053864169 0.9984375 0.6757283372365339
0 0.9984375 0.40822950819672127 0.83891875 0.17317330210772833 0.9984375 0.1740913348946136
0 0.0021125000000000002 0.7612224824355971 0.1534234375 0.9976580796252927 0 0.9976580796252927 0 0.7630608899297424
0 0.12156875 0.13744496487119437 0 0.13652693208430913 0 0.3101709601873537 0.22325937499999998 0.6730749414519906 0.46339687500000004 0.6776697892271663