0 0.8167421875 0.7996234375 0.659565625 0.80309375 0.686484375 0.9497609375 0.8957656249999999 0.950628125 0.8167421875 0.7996234375
0 0.6456703125 0.7093671875 0.659565625 0.7961515625 0.8115328125 0.7918125 0.7663765625 0.70155625 0.6456703125 0.7093671875
0 0.940053125 0.678125 0.93310625 0.6642390625 0.9313687500000001 0.6520890625 0.9305015624999999 0.6468828125 0.8584250000000001 0.64775 0.9061859374999999 0.7032921875 0.953946875 0.7032921875 0.940053125 0.678125
0 0.8488734375 0.6460140625 0.746403125 0.6468828125 0.7767968749999999 0.7006890625 0.8967015625 0.69921875 0.8488734375 0.6460140625
0 0.6326453125 0.6468828125 0.6465390625 0.7041609375 0.761284375 0.7005203125 0.734246875 0.645146875 0.6326453125 0.6468828125
0 0.6256984375 0.6043578125 0.6326453125 0.645146875 0.73524375 0.6458328125 0.7116687500000001 0.60001875 0.6256984375 0.6043578125
0 0.51715 0.645146875 0.5110718750000001 0.7024250000000001 0.629171875 0.7067640625 0.62309375 0.6460140625 0.51715 0.645146875
0 0.32436875 0.7970203125 0.2401359375 0.93500625 0.445075 0.94195 0.47894218750000006 0.7987546875 0.32436875 0.7970203125
0 0.1671921875 0.7874734375 0.0421453125 0.9254609374999999 0.22873281250000002 0.9309890624999999 0.31307968750000004 0.7926796875 0.1671921875 0.7874734375
0 0.2488203125 0.70155625 0.1724015625 0.7848703125000001 0.31568593749999996 0.788340625 0.3651828125 0.7067640625 0.2488203125 0.70155625
0 0.49804531250000006 0.705028125 0.377340625 0.705028125 0.32523749999999996 0.7918125 0.481546875 0.7909453125 0.49804531250000006 0.705028125
0 0.40512812499999995 0.6460140625 0.3747359375 0.7024250000000001 0.49544062499999997 0.7067640625 0.5128078125 0.6442796875 0.40512812499999995 0.6460140625
0 0.301790625 0.645146875 0.25055625 0.698953125 0.370659375 0.7018234375 0.40599687500000003 0.6460140625 0.301790625 0.645146875
0 0.34347343750000003 0.5991515625 0.3061328125 0.6408078125000001 0.407734375 0.6442796875 0.42770625000000007 0.6052265625000001 0.34347343750000003 0.5991515625
0 0.5206234375000001 0.6008875 0.43639062500000003 0.603490625 0.4201390625 0.6419265625 0.5136765624999999 0.641675 0.5206234375000001 0.6008875
0 0.1367984375 0.6911421875 0.2531625 0.6937453125 0.29397656250000004 0.64254375 0.19237500000000002 0.6442796875 0.1367984375 0.6911421875
0 0.0108828125 0.6911421875 0.12550937499999998 0.6972171875 0.1889015625 0.6434109375 0.1857640625 0.640625 0.0890375 0.6399390625 0.0108828125 0.6911421875
0 0.0021984375 0.692878125 0.0015625 0.7900765625 0.111615625 0.698953125 0.0021984375 0.692878125
0 0.0015625 0.69635 0.0933796875 0.6373359375 0.0015625 0.6364687499999999 0.0015625 0.69635
0 0.07427500000000001 0.596546875 0.007409375 0.6312609375 0.09461875 0.63671875 0.156771875 0.597415625 0.07427500000000001 0.596546875
0 0.19150625 0.639071875 0.245346875 0.6043578125 0.1654546875 0.60001875 0.1159578125 0.632996875 0.19150625 0.639071875