0 0.9517765624999999 0.8955203125000001 0.9474343749999999 0.684634375 0.801215625 0.66015625 0.801546875 0.8217531250000001 0.9517765624999999 0.8955203125000001
0 0.6634734375 0.93804375 0.6869203125000001 0.9449875000000001 0.70255 0.9588734375 0.7042875000000001 0.9033312499999999 0.6452375 0.8495250000000001 0.6452375 0.9363093750000001 0.6634734375 0.93804375
0 0.7016828125 0.7757578125 0.64610625 0.743646875 0.64610625 0.8469203125 0.7008140625 0.8963875 0.7016828125 0.7757578125
0 0.6452375 0.7332328125 0.6426328125 0.6308281250000001 0.6026859375 0.623884375 0.6044234375 0.7080656249999999 0.6452375 0.7332328125
0 0.70255 0.762740625 0.70341875 0.6438453125 0.64756875 0.6315109375 0.6469734375 0.73496875 0.70255 0.762740625
0 0.7928625 0.8139421875 0.79373125 0.6585984375 0.7048609375 0.6432296875 0.7042875000000001 0.7662109375 0.7928625 0.8139421875
0 0.70211875 0.6316953125 0.7016828125 0.5075937500000001 0.6482796875 0.523215625 0.6482796875 0.6230171875 0.70211875 0.6316953125
0 0.642175 0.51084375 0.6424000000000001 0.410353125 0.6028640625 0.4333390625 0.602359375 0.5198359375 0.642175 0.51084375
0 0.6403749999999999 0.30491718749999996 0.602359375 0.3393140625 0.602134375 0.426540625 0.641725 0.40293437499999996 0.6403749999999999 0.30491718749999996
0 0.7029124999999999 0.49937812499999995 0.7017875 0.37775625 0.6446500000000001 0.40877968750000004 0.6446500000000001 0.51151875 0.7029124999999999 0.49937812499999995
0 0.7011125 0.36988750000000004 0.6972875000000001 0.2514125 0.6424000000000001 0.30087031249999996 0.6440140624999999 0.4012953125 0.7011125 0.36988750000000004
0 0.7940796875 0.4794515625 0.79048125 0.32590625 0.70635 0.373790625 0.706125 0.4978859375 0.7940796875 0.4794515625
0 0.78868125 0.3178125 0.7830578125 0.1701125 0.702975 0.24497343749999997 0.705065625 0.3652046875 0.78868125 0.3178125
0 0.9341484375 0.23081093749999998 0.923125 0.0373109375 0.7897265625000001 0.1638375 0.7952046875 0.31286718750000003 0.9341484375 0.23081093749999998
0 0.7989531249999999 0.4772078125 0.940896875 0.44505937500000003 0.9343734375 0.24115625000000002 0.7951234375 0.32203125 0.7989531249999999 0.4772078125
0 0.69681875 0.24252812499999998 0.6934921875 0.130146875 0.641384375 0.196309375 0.642809375 0.2931796875 0.69681875 0.24252812499999998
0 0.7744265625 0.0124953125 0.774584375 0.0015625 0.75209375 0.0015625 0.7519359375 0.0015625 0.6941265624999999 0.0015625 0.6980859374999999 0.11348125 0.7744265625 0.0124953125
0 0.6930171875 0.12143124999999999 0.6904828125 0.010315625 0.639009375 0.097178125 0.6407515625 0.1910765625 0.6930171875 0.12143124999999999
0 0.6889000000000001 0.0015625 0.6350484375 0.0015625 0.6386921875 0.0901296875 0.6887828125000001 0.005890625 0.6889000000000001 0.0015625
0 0.6005625 0.2436296875 0.637465625 0.1945625 0.6354062500000001 0.103865625 0.5999296875 0.16068906249999998 0.6005625 0.2436296875
0 0.6327984375 0.0015625 0.5962125 0.0764640625 0.5981124999999999 0.1571890625 0.6350156250000001 0.096565625 0.6327984375 0.0015625